120383
120386
120066
120119
120101
140303
140456
140514
140212
140178
080011
080147
080690
080256
090938
091224
090322
091005
170447
170485
170059
170361
100034
100066
100787
101175
100124
100704
100929
100742
150282
150435
150367
150023
130336
130437
180098
180393
180050
180297
040326
040276
040114
040342
160164
160296
160448
160291
010270
010095
010260
010159
070348
070422
070438
070390
030221
030040
030066
030419
110081
110283
110249
110208
060336
060498
060240
060210
250351
250304
250308
250090
020240
020301
020272
020043
090555
091069
090911
080558
010158
010363
010148
010583
020005
020101
020129
020380
110352
110255
110079
250054
081299
081361
080337
080322
080501
081524
080849
080692
010129
010410
010591
010257
070441
250380
070019
070340
050375
050224
050275
050199
020036
020321
020049
020062
030356
030344
030351
030153
090309
090685
091170
090987
250068
250024
250220
250152
010273
010135
010347
010208
050352
050226
080272
050310
180203
180117
180221
180051
081404
080843
081246
080856
040163
040025
040228
040178
030321
030060
030390
030084
100306
100658
101319
100545
081479
081118
081319
080233
020285
020207
020327
020469
090413
090569
090018
090906
250038
081053
081109
081399
080921
080902
081457
080826
110162
110018
110475
110333
060455
060031
060175
060423
030176
030017
030369
030422
080657
080383
081154
080915
110004
110379
110059
110238
040090
040249
040254
040057
020222
020485
020144
020201
020181
020180
020371
020414
170017
170194
170180
170214
160435
160023
160515
160199
040197
040409
040059
040266
040108
040445
040455
040395
090297
080731
090182
081091
100320
100523
100395
100505
070146
070417
070421
070076
110094
110430
110482
110253
250218
130203
130080
130025
060250
060007
060318
060486
140259
140070
140239
140451
080339
080519
081126
081105
020389
020007
020479
020121
250222
110210
110120
110194
040127
040180
040443
040084
130291
130490
130340
130288
090230
091104
091144
090161
140114
140005
140144
140426
020011
020254
020276
020347
090386
050012
050198
050312
050292
050320
050075
050251
080911
080343
080036
081397
101211
100291
101022
100568
030290
030310
030467
030410
070436
070092
070139
070336
010248
010023
010093
010109
070062
070268
070094
070371
050284
050232
050035
050370
010492
010220
010057
010446
070433
070204
070006
070176
070187
070428
070004
070034
020289
020124
020106
020417
060078
060216
060077
060272
080882
020311
020331
020184
020439
010438
010278
010200
010561
150429
150475
150126
150461
180320
180334
180072
180088
080437
081217
081139
090852
040091
040438
040323
040370
091212
090345
090776
091113
030110
030227
180230
180324
180043
180310
100243
100396
100057
100164
081465
080222
250299
080183
090172
091103
090789
090676
020155
020421
020209
020353
030306
030279
030347
030019
090874
090248
090056
090357
090303
090770
081162
060289
050308
050183
050141
050037
250028
250212
250136
250215
050164
050407
050047
050278
090680
081216
080042
050269
150197
150152
150585
150019
080198
081382
081436
080088
130222
130447
130394
130444
100930
100355
100158
101005
030014
030243
030309
030285
100153
100601
100007
100912
110173
250059
110254
110108
070192
070050
070379
070130
080587
080492
081386
080685
091202
090160
090600
091163
060215
060067
060420
060158
050194
050423
050236
050059
030148
030443
030035
030305
090047
090607
090952
091252
040071
040153
040288
040425
060023
060204
060376
060247
090968
091048
091199
090107
080420
080615
080065
080611
030274
030242
030404
030112
050081
050249
050022
050077
050185
080907
090258
050260
020336
020159
020185
020413
080197
080261
081260
080874
010419
010263
010371
010581
070131
070121
070005
070002
070244
070282
070234
070295
250060
080127
081384
080622
080121
080652
081302
081339
080152
080844
080460
080470
040062
040469
040218
040227
020076
020156
020153
020176
090983
090759
091138
090344
150506
150094
150177
150354
030215
030340
030200
030082
030048
030372
030291
030106
010304
010475
010394
010287
150055
150205
150523
150421
050057
050235
050350
050051
050179
050328
050257
050113
040106
040186
040295
040189
250053
250196
250202
250391
101265
101177
101189
100803
030145
030447
030141
030023
090325
090636
090900
090647
090266
090643
090368
090507
250093
250092
250120
250107
110161
110461
110230
110072
080715
081044
081416
080060
080846
080523
081064
080866
030261
030131
030373
030195
250188
250025
250338
250402
070152
070032
070003
070164
090779
090769
090464
090937
010234
010477
010291
010194
060120
060082
060148
060074
150221
150581
150137
150340
060395
060212
060366
060159
250111
070134
070323
070354
040036
040035
040353
040060
080656
080983
081254
081345
040468
040159
040396
040215
040367
040179
040440
040387
090603
090593
090951
091155
060397
060505
060093
060003
101173
101280
040264
040150
040052
040297
140484
140123
140431
140374
140375
140043
140540
140274
030474
030177
030350
030222
070396
070246
070424
070309
050080
050318
050366
050074
030101
030046
030202
030289
081061
080184
080600
080535
130419
130299
130182
130374
081308
081430
081049
080479
020041
020362
020122
020307
020001
020239
020337
020424
050093
050153
050122
050120
010132
010005
010432
010198
100297
100388
101153
101020
090112
080269
090070
090166
080254
080651
080724
080253
030436
030417
030198
030074
030283
140044
140382
140527
140477
090031
090453
090467
091043
090252
090926
091231
090513
081186
080318
080311
080786
120132
250006
120364
120135
081029
080887
081020
081272
091035
090667
090873
090883
160458
160391
160381
160013
130322
130408
130406
130472
020126
020409
020474
020487
010037
010293
010283
010548
090218
080064
091052
050356
250163
091051
090034
080912
081177
080410
080027
080221
110347
110378
110215
110078
110435
110355
110326
110227
050159
050416
050276
050181
080481
080850
080485
081209
110057
110168
110110
110310
090447
090217
090939
080951
030238
030435
030292
030228
020249
020243
020340
020438
090069
091229
080891
080352
030311
030098
030158
030401
080773
081040
080315
081300
030124
030314
010013
030008
040405
040448
040236
040312
150218
150409
150374
150039
070431
070227
070178
070442
020068
020471
020177
020257
020192
020354
020296
020396
090629
080831
090725
030161
080203
080768
080782
080696
090148
090424
090815
090726
040123
040407
040273
040449
170432
170067
170060
170331
080282
080702
080575
081228
090496
090999
090398
091100
020259
020017
020270
020066
040213
040434
040316
040072
080663
080557
080835
090871
020490
020477
020462
020405
090170
090566
090876
090527
080639
080705
080270
080387
090016
091047
090748
090483
250165
250164
250139
250382
080472
250353
081342
080067
010138
010228
010097
010397
050094
050362
050008
050177
070105
070018
070038
070095
110209
110386
110365
110086
030329
030132
030089
050316
050230
050009
050127
080896
080138
080047
080356
081088
081174
080411
081325
081215
080413
081358
081516
030370
030175
030128
030273
020092
020384
020314
020161
040279
040055
040422
040226
150329
150376
150297
150215
090078
080449
090338
080916
040256
040183
040408
040167
090441
090849
090049
090615
100956
100307
100633
100645
080722
081234
080325
080553
120166
120277
120114
120304
080616
080006
080333
080795
030006
030389
030246
030079
120017
120210
120262
120057
030142
030031
030354
030126
080439
081301
081377
080043
250177
250339
250401
250145
020425
020349
020281
020230
140385
140258
140187
140170
091116
090896
091210
090268
020386
020162
020261
020065
110002
110045
110437
110013
130144
130330
130218
130157
130399
130412
130489
130147
080107
080954
080726
081475
070150
070248
070112
070432
050408
100892
100090
100659
100472
140275
140151
140219
140555
050076
050092
050357
050359
030252
030322
010323
010292
010374
010052
080393
080334
080319
080817
080398
080814
080647
080465
060515
060274
060054
060241
030307
030115
030165
030320
010144
010312
010163
010300
100732
100403
100249
101143
020497
020407
020109
020174
080268
080014
080342
080697
030277
030316
030326
030044
030018
030446
030027
030192
100441
101252
100456
100750
160083
160302
160310
160202
020356
020166
020175
020099
050069
050231
050152
050314
090694
091026
090254
090487
080023
081488
080177
081403
030346
030152
030163
030212
020163
020323
020475
020468
020098
020399
020134
020130
020408
020346
020150
020139
030075
030229
030359
050018
050105
050265
050290
030266
030352
030021
030464
120383
120386
120066
120119
120101
140303
140456
140514
140212
140178
080011
080147
080690
080256
090938
091224
090322
091005
170447
170485
170059
170361
100034
100066
100787
101175
100124
100704
100929
100742
150282
150435
150367
150023
130336
130437
180098
180393
180050
180297
040326
040276
040114
040342
160164
160296
160448
160291
010270
010095
010260
010159
070348
070422
070438
070390
030221
030040
030066
030419
110081
110283
110249
110208
060336
060498
060240
060210
250351
250304
250308
250090
020240
020301
020272
020043
090555
091069
090911
080558
010158
010363
010148
010583
020005
020101
020129
020380
110352
110255
110079
250054
081299
081361
080337
080322
080501
081524
080849
080692
010129
010410
010591
010257
070441
250380
070019
070340
050375
050224
050275
050199
020036
020321
020049
020062
030356
030344
030351
030153
090309
090685
091170
090987
250068
250024
250220
250152
010273
010135
010347
010208
050352
050226
080272
050310
180203
180117
180221
180051
081404
080843
081246
080856
040163
040025
040228
040178
030321
030060
030390
030084
100306
100658
101319
100545
081479
081118
081319
080233
020285
020207
020327
020469
090413
090569
090018
090906
250038
081053
081109
081399
080921
080902
081457
080826
110162
110018
110475
110333
060455
060031
060175
060423
030176
030017
030369
030422
080657
080383
081154
080915
110004
110379
110059
110238
040090
040249
040254
040057
020222
020485
020144
020201
020181
020180
020371
020414
170017
170194
170180
170214
160435
160023
160515
160199
040197
040409
040059
040266
040108
040445
040455
040395
090297
080731
090182
081091
100320
100523
100395
100505
070146
070417
070421
070076
110094
110430
110482
110253
250218
130203
130080
130025
060250
060007
060318
060486
140259
140070
140239
140451
080339
080519
081126
081105
020389
020007
020479
020121
250222
110210
110120
110194
040127
040180
040443
040084
130291
130490
130340
130288
090230
091104
091144
090161
140114
140005
140144
140426
020011
020254
020276
020347
090386
050012
050198
050312
050292
050320
050075
050251
080911
080343
080036
081397
101211
100291
101022
100568
030290
030310
030467
030410
070436
070092
070139
070336
010248
010023
010093
010109
070062
070268
070094
070371
050284
050232
050035
050370
010492
010220
010057
010446
070433
070204
070006
070176
070187
070428
070004
070034
020289
020124
020106
020417
060078
060216
060077
060272
080882
020311
020331
020184
020439
010438
010278
010200
010561
150429
150475
150126
150461
180320
180334
180072
180088
080437
081217
081139
090852
040091
040438
040323
040370
091212
090345
090776
091113
030110
030227
180230
180324
180043
180310
100243
100396
100057
100164
081465
080222
250299
080183
090172
091103
090789
090676
020155
020421
020209
020353
030306
030279
030347
030019
090874
090248
090056
090357
090303
090770
081162
060289
050308
050183
050141
050037
250028
250212
250136
250215
050164
050407
050047
050278
090680
081216
080042
050269
150197
150152
150585
150019
080198
081382
081436
080088
130222
130447
130394
130444
100930
100355
100158
101005
030014
030243
030309
030285
100153
100601
100007
100912
110173
250059
110254
110108
070192
070050
070379
070130
080587
080492
081386
080685
091202
090160
090600
091163
060215
060067
060420
060158
050194
050423
050236
050059
030148
030443
030035
030305
090047
090607
090952
091252
040071
040153
040288
040425
060023
060204
060376
060247
090968
091048
091199
090107
080420
080615
080065
080611
030274
030242
030404
030112
050081
050249
050022
050077
050185
080907
090258
050260
020336
020159
020185
020413
080197
080261
081260
080874
010419
010263
010371
010581
070131
070121
070005
070002
070244
070282
070234
070295
250060
080127
081384
080622
080121
080652
081302
081339
080152
080844
080460
080470
040062
040469
040218
040227
020076
020156
020153
020176
090983
090759
091138
090344
150506
150094
150177
150354
030215
030340
030200
030082
030048
030372
030291
030106
010304
010475
010394
010287
150055
150205
150523
150421
050057
050235
050350
050051
050179
050328
050257
050113
040106
040186
040295
040189
250053
250196
250202
250391
101265
101177
101189
100803
030145
030447
030141
030023
090325
090636
090900
090647
090266
090643
090368
090507
250093
250092
250120
250107
110161
110461
110230
110072
080715
081044
081416
080060
080846
080523
081064
080866
030261
030131
030373
030195
250188
250025
250338
250402
070152
070032
070003
070164
090779
090769
090464
090937
010234
010477
010291
010194
060120
060082
060148
060074
150221
150581
150137
150340
060395
060212
060366
060159
250111
070134
070323
070354
040036
040035
040353
040060
080656
080983
081254
081345
040468
040159
040396
040215
040367
040179
040440
040387
090603
090593
090951
091155
060397
060505
060093
060003
101173
101280
040264
040150
040052
040297
140484
140123
140431
140374
140375
140043
140540
140274
030474
030177
030350
030222
070396
070246
070424
070309
050080
050318
050366
050074
030101
030046
030202
030289
081061
080184
080600
080535
130419
130299
130182
130374
081308
081430
081049
080479
020041
020362
020122
020307
020001
020239
020337
020424
050093
050153
050122
050120
010132
010005
010432
010198
100297
100388
101153
101020
090112
080269
090070
090166
080254
080651
080724
080253
030436
030417
030198
030074
030283
140044
140382
140527
140477
090031
090453
090467
091043
090252
090926
091231
090513
081186
080318
080311
080786
120132
250006
120364
120135
081029
080887
081020
081272
091035
090667
090873
090883
160458
160391
160381
160013
130322
130408
130406
130472
020126
020409
020474
020487
010037
010293
010283
010548
090218
080064
091052
050356
250163
091051
090034
080912
081177
080410
080027
080221
110347
110378
110215
110078
110435
110355
110326
110227
050159
050416
050276
050181
080481
080850
080485
081209
110057
110168
110110
110310
090447
090217
090939
080951
030238
030435
030292
030228
020249
020243
020340
020438
090069
091229
080891
080352
030311
030098
030158
030401
080773
081040
080315
081300
030124
030314
010013
030008
040405
040448
040236
040312
150218
150409
150374
150039
070431
070227
070178
070442
020068
020471
020177
020257
020192
020354
020296
020396
090629
080831
090725
030161
080203
080768
080782
080696
090148
090424
090815
090726
040123
040407
040273
040449
170432
170067
170060
170331
080282
080702
080575
081228
090496
090999
090398
091100
020259
020017
020270
020066
040213
040434
040316
040072
080663
080557
080835
090871
020490
020477
020462
020405
090170
090566
090876
090527
080639
080705
080270
080387
090016
091047
090748
090483
250165
250164
250139
250382
080472
250353
081342
080067
010138
010228
010097
010397
050094
050362
050008
050177
070105
070018
070038
070095
110209
110386
110365
110086
030329
030132
030089
050316
050230
050009
050127
080896
080138
080047
080356
081088
081174
080411
081325
081215
080413
081358
081516
030370
030175
030128
030273
020092
020384
020314
020161
040279
040055
040422
040226
150329
150376
150297
150215
090078
080449
090338
080916
040256
040183
040408
040167
090441
090849
090049
090615
100956
100307
100633
100645
080722
081234
080325
080553
120166
120277
120114
120304
080616
080006
080333
080795
030006
030389
030246
030079
120017
120210
120262
120057
030142
030031
030354
030126
080439
081301
081377
080043
250177
250339
250401
250145
020425
020349
020281
020230
140385
140258
140187
140170
091116
090896
091210
090268
020386
020162
020261
020065
110002
110045
110437
110013
130144
130330
130218
130157
130399
130412
130489
130147
080107
080954
080726
081475
070150
070248
070112
070432
050408
100892
100090
100659
100472
140275
140151
140219
140555
050076
050092
050357
050359
030252
030322
010323
010292
010374
010052
080393
080334
080319
080817
080398
080814
080647
080465
060515
060274
060054
060241
030307
030115
030165
030320
010144
010312
010163
010300
100732
100403
100249
101143
020497
020407
020109
020174
080268
080014
080342
080697
030277
030316
030326
030044
030018
030446
030027
030192
100441
101252
100456
100750
160083
160302
160310
160202
020356
020166
020175
020099
050069
050231
050152
050314
090694
091026
090254
090487
080023
081488
080177
081403
030346
030152
030163
030212
020163
020323
020475
020468
020098
020399
020134
020130
020408
020346
020150
020139
030075
030229
030359
050018
050105
050265
050290
030266
030352
030021
030464
120383
120386
120066
120119
120101
140303
140456
140514
140212
140178
080011
080147
080690
080256
090938
091224
090322
091005
170447
170485
170059
170361
100034
100066
100787
101175
100124
100704
100929
100742
150282
150435
150367
150023
130336
130437
180098
180393
180050
180297
040326
040276
040114
040342
160164
160296
160448
160291
010270
010095
010260
010159
070348
070422
070438
070390
030221
030040
030066
030419
110081
110283
110249
110208
060336
060498
060240
060210
250351
250304
250308
250090
020240
020301
020272
020043
090555
091069
090911
080558
010158
010363
010148
010583
020005
020101
020129
020380
110352
110255
110079
250054
081299
081361
080337
080322
080501
081524
080849
080692
010129
010410
010591
010257
070441
250380
070019
070340
050375
050224
050275
050199
020036
020321
020049
020062
030356
030344
030351
030153
090309
090685
091170
090987
250068
250024
250220
250152
010273
010135
010347
010208
050352
050226
080272
050310
180203
180117
180221
180051
081404
080843
081246
080856
040163
040025
040228
040178
030321
030060
030390
030084
100306
100658
101319
100545
081479
081118
081319
080233
020285
020207
020327
020469
090413
090569
090018
090906
250038
081053
081109
081399
080921
080902
081457
080826
110162
110018
110475
110333
060455
060031
060175
060423
030176
030017
030369
030422
080657
080383
081154
080915
110004
110379
110059
110238
040090
040249
040254
040057
020222
020485
020144
020201
020181
020180
020371
020414
170017
170194
170180
170214
160435
160023
160515
160199
040197
040409
040059
040266
040108
040445
040455
040395
090297
080731
090182
081091
100320
100523
100395
100505
070146
070417
070421
070076
110094
110430
110482
110253
250218
130203
130080
130025
060250
060007
060318
060486
140259
140070
140239
140451
080339
080519
081126
081105
020389
020007
020479
020121
250222
110210
110120
110194
040127
040180
040443
040084
130291
130490
130340
130288
090230
091104
091144
090161
140114
140005
140144
140426
020011
020254
020276
020347
090386
050012
050198
050312
050292
050320
050075
050251
080911
080343
080036
081397
101211
100291
101022
100568
030290
030310
030467
030410
070436
070092
070139
070336
010248
010023
010093
010109
070062
070268
070094
070371
050284
050232
050035
050370
010492
010220
010057
010446
070433
070204
070006
070176
070187
070428
070004
070034
020289
020124
020106
020417
060078
060216
060077
060272
080882
020311
020331
020184
020439
010438
010278
010200
010561
150429
150475
150126
150461
180320
180334
180072
180088
080437
081217
081139
090852
040091
040438
040323
040370
091212
090345
090776
091113
030110
030227
180230
180324
180043
180310
100243
100396
100057
100164
081465
080222
250299
080183
090172
091103
090789
090676
020155
020421
020209
020353
030306
030279
030347
030019
090874
090248
090056
090357
090303
090770
081162
060289
050308
050183
050141
050037
250028
250212
250136
250215
050164
050407
050047
050278
090680
081216
080042
050269
150197
150152
150585
150019
080198
081382
081436
080088
130222
130447
130394
130444
100930
100355
100158
101005
030014
030243
030309
030285
100153
100601
100007
100912
110173
250059
110254
110108
070192
070050
070379
070130
080587
080492
081386
080685
091202
090160
090600
091163
060215
060067
060420
060158
050194
050423
050236
050059
030148
030443
030035
030305
090047
090607
090952
091252
040071
040153
040288
040425
060023
060204
060376
060247
090968
091048
091199
090107
080420
080615
080065
080611
030274
030242
030404
030112
050081
050249
050022
050077
050185
080907
090258
050260
020336
020159
020185
020413
080197
080261
081260
080874
010419
010263
010371
010581
070131
070121
070005
070002
070244
070282
070234
070295
250060
080127
081384
080622
080121
080652
081302
081339
080152
080844
080460
080470
040062
040469
040218
040227
020076
020156
020153
020176
090983
090759
091138
090344
150506
150094
150177
150354
030215
030340
030200
030082
030048
030372
030291
030106
010304
010475
010394
010287
150055
150205
150523
150421
050057
050235
050350
050051
050179
050328
050257
050113
040106
040186
040295
040189
250053
250196
250202
250391
101265
101177
101189
100803
030145
030447
030141
030023
090325
090636
090900
090647
090266
090643
090368
090507
250093
250092
250120
250107
110161
110461
110230
110072
080715
081044
081416
080060
080846
080523
081064
080866
030261
030131
030373
030195
250188
250025
250338
250402
070152
070032
070003
070164
090779
090769
090464
090937
010234
010477
010291
010194
060120
060082
060148
060074
150221
150581
150137
150340
060395
060212
060366
060159
250111
070134
070323
070354
040036
040035
040353
040060
080656
080983
081254
081345
040468
040159
040396
040215
040367
040179
040440
040387
090603
090593
090951
091155
060397
060505
060093
060003
101173
101280
040264
040150
040052
040297
140484
140123
140431
140374
140375
140043
140540
140274
030474
030177
030350
030222
070396
070246
070424
070309
050080
050318
050366
050074
030101
030046
030202
030289
081061
080184
080600
080535
130419
130299
130182
130374
081308
081430
081049
080479
020041
020362
020122
020307
020001
020239
020337
020424
050093
050153
050122
050120
010132
010005
010432
010198
100297
100388
101153
101020
090112
080269
090070
090166
080254
080651
080724
080253
030436
030417
030198
030074
030283
140044
140382
140527
140477
090031
090453
090467
091043
090252
090926
091231
090513
081186
080318
080311
080786
120132
250006
120364
120135
081029
080887
081020
081272
091035
090667
090873
090883
160458
160391
160381
160013
130322
130408
130406
130472
020126
020409
020474
020487
010037
010293
010283
010548
090218
080064
091052
050356
250163
091051
090034
080912
081177
080410
080027
080221
110347
110378
110215
110078
110435
110355
110326
110227
050159
050416
050276
050181
080481
080850
080485
081209
110057
110168
110110
110310
090447
090217
090939
080951
030238
030435
030292
030228
020249
020243
020340
020438
090069
091229
080891
080352
030311
030098
030158
030401
080773
081040
080315
081300
030124
030314
010013
030008
040405
040448
040236
040312
150218
150409
150374
150039
070431
070227
070178
070442
020068
020471
020177
020257
020192
020354
020296
020396
090629
080831
090725
030161
080203
080768
080782
080696
090148
090424
090815
090726
040123
040407
040273
040449
170432
170067
170060
170331
080282
080702
080575
081228
090496
090999
090398
091100
020259
020017
020270
020066
040213
040434
040316
040072
080663
080557
080835
090871
020490
020477
020462
020405
090170
090566
090876
090527
080639
080705
080270
080387
090016
091047
090748
090483
250165
250164
250139
250382
080472
250353
081342
080067
010138
010228
010097
010397
050094
050362
050008
050177
070105
070018
070038
070095
110209
110386
110365
110086
030329
030132
030089
050316
050230
050009
050127
080896
080138
080047
080356
081088
081174
080411
081325
081215
080413
081358
081516
030370
030175
030128
030273
020092
020384
020314
020161
040279
040055
040422
040226
150329
150376
150297
150215
090078
080449
090338
080916
040256
040183
040408
040167
090441
090849
090049
090615
100956
100307
100633
100645
080722
081234
080325
080553
120166
120277
120114
120304
080616
080006
080333
080795
030006
030389
030246
030079
120017
120210
120262
120057
030142
030031
030354
030126
080439
081301
081377
080043
250177
250339
250401
250145
020425
020349
020281
020230
140385
140258
140187
140170
091116
090896
091210
090268
020386
020162
020261
020065
110002
110045
110437
110013
130144
130330
130218
130157
130399
130412
130489
130147
080107
080954
080726
081475
070150
070248
070112
070432
050408
100892
100090
100659
100472
140275
140151
140219
140555
050076
050092
050357
050359
030252
030322
010323
010292
010374
010052
080393
080334
080319
080817
080398
080814
080647
080465
060515
060274
060054
060241
030307
030115
030165
030320
010144
010312
010163
010300
100732
100403
100249
101143
020497
020407
020109
020174
080268
080014
080342
080697
030277
030316
030326
030044
030018
030446
030027
030192
100441
101252
100456
100750
160083
160302
160310
160202
020356
020166
020175
020099
050069
050231
050152
050314
090694
091026
090254
090487
080023
081488
080177
081403
030346
030152
030163
030212
020163
020323
020475
020468
020098
020399
020134
020130
020408
020346
020150
020139
030075
030229
030359
050018
050105
050265
050290
030266
030352
030021
030464
120383
120386
120066
120119
120101
140303
140456
140514
140212
140178
080011
080147
080690
080256
090938
091224
090322
091005
170447
170485
170059
170361
100034
100066
100787
101175
100124
100704
100929
100742
150282
150435
150367
150023
130336
130437
180098
180393
180050
180297
040326
040276
040114
040342
160164
160296
160448
160291
010270
010095
010260
010159
070348
070422
070438
070390
030221
030040
030066
030419
110081
110283
110249
110208
060336
060498
060240
060210
250351
250304
250308
250090
020240
020301
020272
020043
090555
091069
090911
080558
010158
010363
010148
010583
020005
020101
020129
020380
110352
110255
110079
250054
081299
081361
080337
080322
080501
081524
080849
080692
010129
010410
010591
010257
070441
250380
070019
070340
050375
050224
050275
050199
020036
020321
020049
020062
030356
030344
030351
030153
090309
090685
091170
090987
250068
250024
250220
250152
010273
010135
010347
010208
050352
050226
080272
050310
180203
180117
180221
180051
081404
080843
081246
080856
040163
040025
040228
040178
030321
030060
030390
030084
100306
100658
101319
100545
081479
081118
081319
080233
020285
020207
020327
020469
090413
090569
090018
090906
250038
081053
081109
081399
080921
080902
081457
080826
110162
110018
110475
110333
060455
060031
060175
060423
030176
030017
030369
030422
080657
080383
081154
080915
110004
110379
110059
110238
040090
040249
040254
040057
020222
020485
020144
020201
020181
020180
020371
020414
170017
170194
170180
170214
160435
160023
160515
160199
040197
040409
040059
040266
040108
040445
040455
040395
090297
080731
090182
081091
100320
100523
100395
100505
070146
070417
070421
070076
110094
110430
110482
110253
250218
130203
130080
130025
060250
060007
060318
060486
140259
140070
140239
140451
080339
080519
081126
081105
020389
020007
020479
020121
250222
110210
110120
110194
040127
040180
040443
040084
130291
130490
130340
130288
090230
091104
091144
090161
140114
140005
140144
140426
020011
020254
020276
020347
090386
050012
050198
050312
050292
050320
050075
050251
080911
080343
080036
081397
101211
100291
101022
100568
030290
030310
030467
030410
070436
070092
070139
070336
010248
010023
010093
010109
070062
070268
070094
070371
050284
050232
050035
050370
010492
010220
010057
010446
070433
070204
070006
070176
070187
070428
070004
070034
020289
020124
020106
020417
060078
060216
060077
060272
080882
020311
020331
020184
020439
010438
010278
010200
010561
150429
150475
150126
150461
180320
180334
180072
180088
080437
081217
081139
090852
040091
040438
040323
040370
091212
090345
090776
091113
030110
030227
180230
180324
180043
180310
100243
100396
100057
100164
081465
080222
250299
080183
090172
091103
090789
090676
020155
020421
020209
020353
030306
030279
030347
030019
090874
090248
090056
090357
090303
090770
081162
060289
050308
050183
050141
050037
250028
250212
250136
250215
050164
050407
050047
050278
090680
081216
080042
050269
150197
150152
150585
150019
080198
081382
081436
080088
130222
130447
130394
130444
100930
100355
100158
101005
030014
030243
030309
030285
100153
100601
100007
100912
110173
250059
110254
110108
070192
070050
070379
070130
080587
080492
081386
080685
091202
090160
090600
091163
060215
060067
060420
060158
050194
050423
050236
050059
030148
030443
030035
030305
090047
090607
090952
091252
040071
040153
040288
040425
060023
060204
060376
060247
090968
091048
091199
090107
080420
080615
080065
080611
030274
030242
030404
030112
050081
050249
050022
050077
050185
080907
090258
050260
020336
020159
020185
020413
080197
080261
081260
080874
010419
010263
010371
010581
070131
070121
070005
070002
070244
070282
070234
070295
250060
080127
081384
080622
080121
080652
081302
081339
080152
080844
080460
080470
040062
040469
040218
040227
020076
020156
020153
020176
090983
090759
091138
090344
150506
150094
150177
150354
030215
030340
030200
030082
030048
030372
030291
030106
010304
010475
010394
010287
150055
150205
150523
150421
050057
050235
050350
050051
050179
050328
050257
050113
040106
040186
040295
040189
250053
250196
250202
250391
101265
101177
101189
100803
030145
030447
030141
030023
090325
090636
090900
090647
090266
090643
090368
090507
250093
250092
250120
250107
110161
110461
110230
110072
080715
081044
081416
080060
080846
080523
081064
080866
030261
030131
030373
030195
250188
250025
250338
250402
070152
070032
070003
070164
090779
090769
090464
090937
010234
010477
010291
010194
060120
060082
060148
060074
150221
150581
150137
150340
060395
060212
060366
060159
250111
070134
070323
070354
040036
040035
040353
040060
080656
080983
081254
081345
040468
040159
040396
040215
040367
040179
040440
040387
090603
090593
090951
091155
060397
060505
060093
060003
101173
101280
040264
040150
040052
040297
140484
140123
140431
140374
140375
140043
140540
140274
030474
030177
030350
030222
070396
070246
070424
070309
050080
050318
050366
050074
030101
030046
030202
030289
081061
080184
080600
080535
130419
130299
130182
130374
081308
081430
081049
080479
020041
020362
020122
020307
020001
020239
020337
020424
050093
050153
050122
050120
010132
010005
010432
010198
100297
100388
101153
101020
090112
080269
090070
090166
080254
080651
080724
080253
030436
030417
030198
030074
030283
140044
140382
140527
140477
090031
090453
090467
091043
090252
090926
091231
090513
081186
080318
080311
080786
120132
250006
120364
120135
081029
080887
081020
081272
091035
090667
090873
090883
160458
160391
160381
160013
130322
130408
130406
130472
020126
020409
020474
020487
010037
010293
010283
010548
090218
080064
091052
050356
250163
091051
090034
080912
081177
080410
080027
080221
110347
110378
110215
110078
110435
110355
110326
110227
050159
050416
050276
050181
080481
080850
080485
081209
110057
110168
110110
110310
090447
090217
090939
080951
030238
030435
030292
030228
020249
020243
020340
020438
090069
091229
080891
080352
030311
030098
030158
030401
080773
081040
080315
081300
030124
030314
010013
030008
040405
040448
040236
040312
150218
150409
150374
150039
070431
070227
070178
070442
020068
020471
020177
020257
020192
020354
020296
020396
090629
080831
090725
030161
080203
080768
080782
080696
090148
090424
090815
090726
040123
040407
040273
040449
170432
170067
170060
170331
080282
080702
080575
081228
090496
090999
090398
091100
020259
020017
020270
020066
040213
040434
040316
040072
080663
080557
080835
090871
020490
020477
020462
020405
090170
090566
090876
090527
080639
080705
080270
080387
090016
091047
090748
090483
250165
250164
250139
250382
080472
250353
081342
080067
010138
010228
010097
010397
050094
050362
050008
050177
070105
070018
070038
070095
110209
110386
110365
110086
030329
030132
030089
050316
050230
050009
050127
080896
080138
080047
080356
081088
081174
080411
081325
081215
080413
081358
081516
030370
030175
030128
030273
020092
020384
020314
020161
040279
040055
040422
040226
150329
150376
150297
150215
090078
080449
090338
080916
040256
040183
040408
040167
090441
090849
090049
090615
100956
100307
100633
100645
080722
081234
080325
080553
120166
120277
120114
120304
080616
080006
080333
080795
030006
030389
030246
030079
120017
120210
120262
120057
030142
030031
030354
030126
080439
081301
081377
080043
250177
250339
250401
250145
020425
020349
020281
020230
140385
140258
140187
140170
091116
090896
091210
090268
020386
020162
020261
020065
110002
110045
110437
110013
130144
130330
130218
130157
130399
130412
130489
130147
080107
080954
080726
081475
070150
070248
070112
070432
050408
100892
100090
100659
100472
140275
140151
140219
140555
050076
050092
050357
050359
030252
030322
010323
010292
010374
010052
080393
080334
080319
080817
080398
080814
080647
080465
060515
060274
060054
060241
030307
030115
030165
030320
010144
010312
010163
010300
100732
100403
100249
101143
020497
020407
020109
020174
080268
080014
080342
080697
030277
030316
030326
030044
030018
030446
030027
030192
100441
101252
100456
100750
160083
160302
160310
160202
020356
020166
020175
020099
050069
050231
050152
050314
090694
091026
090254
090487
080023
081488
080177
081403
030346
030152
030163
030212
020163
020323
020475
020468
020098
020399
020134
020130
020408
020346
020150
020139
030075
030229
030359
050018
050105
050265
050290
030266
030352
030021
030464
120383
120386
120066
120119
120101
140303
140456
140514
140212
140178
080011
080147
080690
080256
090938
091224
090322
091005
170447
170485
170059
170361
100034
100066
100787
101175
100124
100704
100929
100742
150282
150435
150367
150023
130336
130437
180098
180393
180050
180297
040326
040276
040114
040342
160164
160296
160448
160291
010270
010095
010260
010159
070348
070422
070438
070390
030221
030040
030066
030419
110081
110283
110249
110208
060336
060498
060240
060210
250351
250304
250308
250090
020240
020301
020272
020043
090555
091069
090911
080558
010158
010363
010148
010583
020005
020101
020129
020380
110352
110255
110079
250054
081299
081361
080337
080322
080501
081524
080849
080692
010129
010410
010591
010257
070441
250380
070019
070340
050375
050224
050275
050199
020036
020321
020049
020062
030356
030344
030351
030153
090309
090685
091170
090987
250068
250024
250220
250152
010273
010135
010347
010208
050352
050226
080272
050310
180203
180117
180221
180051
081404
080843
081246
080856
040163
040025
040228
040178
030321
030060
030390
030084
100306
100658
101319
100545
081479
081118
081319
080233
020285
020207
020327
020469
090413
090569
090018
090906
250038
081053
081109
081399
080921
080902
081457
080826
110162
110018
110475
110333
060455
060031
060175
060423
030176
030017
030369
030422
080657
080383
081154
080915
110004
110379
110059
110238
040090
040249
040254
040057
020222
020485
020144
020201
020181
020180
020371
020414
170017
170194
170180
170214
160435
160023
160515
160199
040197
040409
040059
040266
040108
040445
040455
040395
090297
080731
090182
081091
100320
100523
100395
100505
070146
070417
070421
070076
110094
110430
110482
110253
250218
130203
130080
130025
060250
060007
060318
060486
140259
140070
140239
140451
080339
080519
081126
081105
020389
020007
020479
020121
250222
110210
110120
110194
040127
040180
040443
040084
130291
130490
130340
130288
090230
091104
091144
090161
140114
140005
140144
140426
020011
020254
020276
020347
090386
050012
050198
050312
050292
050320
050075
050251
080911
080343
080036
081397
101211
100291
101022
100568
030290
030310
030467
030410
070436
070092
070139
070336
010248
010023
010093
010109
070062
070268
070094
070371
050284
050232
050035
050370
010492
010220
010057
010446
070433
070204
070006
070176
070187
070428
070004
070034
020289
020124
020106
020417
060078
060216
060077
060272
080882
020311
020331
020184
020439
010438
010278
010200
010561
150429
150475
150126
150461
180320
180334
180072
180088
080437
081217
081139
090852
040091
040438
040323
040370
091212
090345
090776
091113
030110
030227
180230
180324
180043
180310
100243
100396
100057
100164
081465
080222
250299
080183
090172
091103
090789
090676
020155
020421
020209
020353
030306
030279
030347
030019
090874
090248
090056
090357
090303
090770
081162
060289
050308
050183
050141
050037
250028
250212
250136
250215
050164
050407
050047
050278
090680
081216
080042
050269
150197
150152
150585
150019
080198
081382
081436
080088
130222
130447
130394
130444
100930
100355
100158
101005
030014
030243
030309
030285
100153
100601
100007
100912
110173
250059
110254
110108
070192
070050
070379
070130
080587
080492
081386
080685
091202
090160
090600
091163
060215
060067
060420
060158
050194
050423
050236
050059
030148
030443
030035
030305
090047
090607
090952
091252
040071
040153
040288
040425
060023
060204
060376
060247
090968
091048
091199
090107
080420
080615
080065
080611
030274
030242
030404
030112
050081
050249
050022
050077
050185
080907
090258
050260
020336
020159
020185
020413
080197
080261
081260
080874
010419
010263
010371
010581
070131
070121
070005
070002
070244
070282
070234
070295
250060
080127
081384
080622
080121
080652
081302
081339
080152
080844
080460
080470
040062
040469
040218
040227
020076
020156
020153
020176
090983
090759
091138
090344
150506
150094
150177
150354
030215
030340
030200
030082
030048
030372
030291
030106
010304
010475
010394
010287
150055
150205
150523
150421
050057
050235
050350
050051
050179
050328
050257
050113
040106
040186
040295
040189
250053
250196
250202
250391
101265
101177
101189
100803
030145
030447
030141
030023
090325
090636
090900
090647
090266
090643
090368
090507
250093
250092
250120
250107
110161
110461
110230
110072
080715
081044
081416
080060
080846
080523
081064
080866
030261
030131
030373
030195
250188
250025
250338
250402
070152
070032
070003
070164
090779
090769
090464
090937
010234
010477
010291
010194
060120
060082
060148
060074
150221
150581
150137
150340
060395
060212
060366
060159
250111
070134
070323
070354
040036
040035
040353
040060
080656
080983
081254
081345
040468
040159
040396
040215
040367
040179
040440
040387
090603
090593
090951
091155
060397
060505
060093
060003
101173
101280
040264
040150
040052
040297
140484
140123
140431
140374
140375
140043
140540
140274
030474
030177
030350
030222
070396
070246
070424
070309
050080
050318
050366
050074
030101
030046
030202
030289
081061
080184
080600
080535
130419
130299
130182
130374
081308
081430
081049
080479
020041
020362
020122
020307
020001
020239
020337
020424
050093
050153
050122
050120
010132
010005
010432
010198
100297
100388
101153
101020
090112
080269
090070
090166
080254
080651
080724
080253
030436
030417
030198
030074
030283
140044
140382
140527
140477
090031
090453
090467
091043
090252
090926
091231
090513
081186
080318
080311
080786
120132
250006
120364
120135
081029
080887
081020
081272
091035
090667
090873
090883
160458
160391
160381
160013
130322
130408
130406
130472
020126
020409
020474
020487
010037
010293
010283
010548
090218
080064
091052
050356
250163
091051
090034
080912
081177
080410
080027
080221
110347
110378
110215
110078
110435
110355
110326
110227
050159
050416
050276
050181
080481
080850
080485
081209
110057
110168
110110
110310
090447
090217
090939
080951
030238
030435
030292
030228
020249
020243
020340
020438
090069
091229
080891
080352
030311
030098
030158
030401
080773
081040
080315
081300
030124
030314
010013
030008
040405
040448
040236
040312
150218
150409
150374
150039
070431
070227
070178
070442
020068
020471
020177
020257
020192
020354
020296
020396
090629
080831
090725
030161
080203
080768
080782
080696
090148
090424
090815
090726
040123
040407
040273
040449
170432
170067
170060
170331
080282
080702
080575
081228
090496
090999
090398
091100
020259
020017
020270
020066
040213
040434
040316
040072
080663
080557
080835
090871
020490
020477
020462
020405
090170
090566
090876
090527
080639
080705
080270
080387
090016
091047
090748
090483
250165
250164
250139
250382
080472
250353
081342
080067
010138
010228
010097
010397
050094
050362
050008
050177
070105
070018
070038
070095
110209
110386
110365
110086
030329
030132
030089
050316
050230
050009
050127
080896
080138
080047
080356
081088
081174
080411
081325
081215
080413
081358
081516
030370
030175
030128
030273
020092
020384
020314
020161
040279
040055
040422
040226
150329
150376
150297
150215
090078
080449
090338
080916
040256
040183
040408
040167
090441
090849
090049
090615
100956
100307
100633
100645
080722
081234
080325
080553
120166
120277
120114
120304
080616
080006
080333
080795
030006
030389
030246
030079
120017
120210
120262
120057
030142
030031
030354
030126
080439
081301
081377
080043
250177
250339
250401
250145
020425
020349
020281
020230
140385
140258
140187
140170
091116
090896
091210
090268
020386
020162
020261
020065
110002
110045
110437
110013
130144
130330
130218
130157
130399
130412
130489
130147
080107
080954
080726
081475
070150
070248
070112
070432
050408
100892
100090
100659
100472
140275
140151
140219
140555
050076
050092
050357
050359
030252
030322
010323
010292
010374
010052
080393
080334
080319
080817
080398
080814
080647
080465
060515
060274
060054
060241
030307
030115
030165
030320
010144
010312
010163
010300
100732
100403
100249
101143
020497
020407
020109
020174
080268
080014
080342
080697
030277
030316
030326
030044
030018
030446
030027
030192
100441
101252
100456
100750
160083
160302
160310
160202
020356
020166
020175
020099
050069
050231
050152
050314
090694
091026
090254
090487
080023
081488
080177
081403
030346
030152
030163
030212
020163
020323
020475
020468
020098
020399
020134
020130
020408
020346
020150
020139
030075
030229
030359
050018
050105
050265
050290
030266
030352
030021
030464
120383
120386
120066
120119
120101
140303
140456
140514
140212
140178
080011
080147
080690
080256
090938
091224
090322
091005
170447
170485
170059
170361
100034
100066
100787
101175
100124
100704
100929
100742
150282
150435
150367
150023
130336
130437
180098
180393
180050
180297
040326
040276
040114
040342
160164
160296
160448
160291
010270
010095
010260
010159
070348
070422
070438
070390
030221
030040
030066
030419
110081
110283
110249
110208
060336
060498
060240
060210
250351
250304
250308
250090
020240
020301
020272
020043
090555
091069
090911
080558
010158
010363
010148
010583
020005
020101
020129
020380
110352
110255
110079
250054
081299
081361
080337
080322
080501
081524
080849
080692
010129
010410
010591
010257
070441
250380
070019
070340
050375
050224
050275
050199
020036
020321
020049
020062
030356
030344
030351
030153
090309
090685
091170
090987
250068
250024
250220
250152
010273
010135
010347
010208
050352
050226
080272
050310
180203
180117
180221
180051
081404
080843
081246
080856
040163
040025
040228
040178
030321
030060
030390
030084
100306
100658
101319
100545
081479
081118
081319
080233
020285
020207
020327
020469
090413
090569
090018
090906
250038
081053
081109
081399
080921
080902
081457
080826
110162
110018
110475
110333
060455
060031
060175
060423
030176
030017
030369
030422
080657
080383
081154
080915
110004
110379
110059
110238
040090
040249
040254
040057
020222
020485
020144
020201
020181
020180
020371
020414
170017
170194
170180
170214
160435
160023
160515
160199
040197
040409
040059
040266
040108
040445
040455
040395
090297
080731
090182
081091
100320
100523
100395
100505
070146
070417
070421
070076
110094
110430
110482
110253
250218
130203
130080
130025
060250
060007
060318
060486
140259
140070
140239
140451
080339
080519
081126
081105
020389
020007
020479
020121
250222
110210
110120
110194
040127
040180
040443
040084
130291
130490
130340
130288
090230
091104
091144
090161
140114
140005
140144
140426
020011
020254
020276
020347
090386
050012
050198
050312
050292
050320
050075
050251
080911
080343
080036
081397
101211
100291
101022
100568
030290
030310
030467
030410
070436
070092
070139
070336
010248
010023
010093
010109
070062
070268
070094
070371
050284
050232
050035
050370
010492
010220
010057
010446
070433
070204
070006
070176
070187
070428
070004
070034
020289
020124
020106
020417
060078
060216
060077
060272
080882
020311
020331
020184
020439
010438
010278
010200
010561
150429
150475
150126
150461
180320
180334
180072
180088
080437
081217
081139
090852
040091
040438
040323
040370
091212
090345
090776
091113
030110
030227
180230
180324
180043
180310
100243
100396
100057
100164
081465
080222
250299
080183
090172
091103
090789
090676
020155
020421
020209
020353
030306
030279
030347
030019
090874
090248
090056
090357
090303
090770
081162
060289
050308
050183
050141
050037
250028
250212
250136
250215
050164
050407
050047
050278
090680
081216
080042
050269
150197
150152
150585
150019
080198
081382
081436
080088
130222
130447
130394
130444
100930
100355
100158
101005
030014
030243
030309
030285
100153
100601
100007
100912
110173
250059
110254
110108
070192
070050
070379
070130
080587
080492
081386
080685
091202
090160
090600
091163
060215
060067
060420
060158
050194
050423
050236
050059
030148
030443
030035
030305
090047
090607
090952
091252
040071
040153
040288
040425
060023
060204
060376
060247
090968
091048
091199
090107
080420
080615
080065
080611
030274
030242
030404
030112
050081
050249
050022
050077
050185
080907
090258
050260
020336
020159
020185
020413
080197
080261
081260
080874
010419
010263
010371
010581
070131
070121
070005
070002
070244
070282
070234
070295
250060
080127
081384
080622
080121
080652
081302
081339
080152
080844
080460
080470
040062
040469
040218
040227
020076
020156
020153
020176
090983
090759
091138
090344
150506
150094
150177
150354
030215
030340
030200
030082
030048
030372
030291
030106
010304
010475
010394
010287
150055
150205
150523
150421
050057
050235
050350
050051
050179
050328
050257
050113
040106
040186
040295
040189
250053
250196
250202
250391
101265
101177
101189
100803
030145
030447
030141
030023
090325
090636
090900
090647
090266
090643
090368
090507
250093
250092
250120
250107
110161
110461
110230
110072
080715
081044
081416
080060
080846
080523
081064
080866
030261
030131
030373
030195
250188
250025
250338
250402
070152
070032
070003
070164
090779
090769
090464
090937
010234
010477
010291
010194
060120
060082
060148
060074
150221
150581
150137
150340
060395
060212
060366
060159
250111
070134
070323
070354
040036
040035
040353
040060
080656
080983
081254
081345
040468
040159
040396
040215
040367
040179
040440
040387
090603
090593
090951
091155
060397
060505
060093
060003
101173
101280
040264
040150
040052
040297
140484
140123
140431
140374
140375
140043
140540
140274
030474
030177
030350
030222
070396
070246
070424
070309
050080
050318
050366
050074
030101
030046
030202
030289
081061
080184
080600
080535
130419
130299
130182
130374
081308
081430
081049
080479
020041
020362
020122
020307
020001
020239
020337
020424
050093
050153
050122
050120
010132
010005
010432
010198
100297
100388
101153
101020
090112
080269
090070
090166
080254
080651
080724
080253
030436
030417
030198
030074
030283
140044
140382
140527
140477
090031
090453
090467
091043
090252
090926
091231
090513
081186
080318
080311
080786
120132
250006
120364
120135
081029
080887
081020
081272
091035
090667
090873
090883
160458
160391
160381
160013
130322
130408
130406
130472
020126
020409
020474
020487
010037
010293
010283
010548
090218
080064
091052
050356
250163
091051
090034
080912
081177
080410
080027
080221
110347
110378
110215
110078
110435
110355
110326
110227
050159
050416
050276
050181
080481
080850
080485
081209
110057
110168
110110
110310
090447
090217
090939
080951
030238
030435
030292
030228
020249
020243
020340
020438
090069
091229
080891
080352
030311
030098
030158
030401
080773
081040
080315
081300
030124
030314
010013
030008
040405
040448
040236
040312
150218
150409
150374
150039
070431
070227
070178
070442
020068
020471
020177
020257
020192
020354
020296
020396
090629
080831
090725
030161
080203
080768
080782
080696
090148
090424
090815
090726
040123
040407
040273
040449
170432
170067
170060
170331
080282
080702
080575
081228
090496
090999
090398
091100
020259
020017
020270
020066
040213
040434
040316
040072
080663
080557
080835
090871
020490
020477
020462
020405
090170
090566
090876
090527
080639
080705
080270
080387
090016
091047
090748
090483
250165
250164
250139
250382
080472
250353
081342
080067
010138
010228
010097
010397
050094
050362
050008
050177
070105
070018
070038
070095
110209
110386
110365
110086
030329
030132
030089
050316
050230
050009
050127
080896
080138
080047
080356
081088
081174
080411
081325
081215
080413
081358
081516
030370
030175
030128
030273
020092
020384
020314
020161
040279
040055
040422
040226
150329
150376
150297
150215
090078
080449
090338
080916
040256
040183
040408
040167
090441
090849
090049
090615
100956
100307
100633
100645
080722
081234
080325
080553
120166
120277
120114
120304
080616
080006
080333
080795
030006
030389
030246
030079
120017
120210
120262
120057
030142
030031
030354
030126
080439
081301
081377
080043
250177
250339
250401
250145
020425
020349
020281
020230
140385
140258
140187
140170
091116
090896
091210
090268
020386
020162
020261
020065
110002
110045
110437
110013
130144
130330
130218
130157
130399
130412
130489
130147
080107
080954
080726
081475
070150
070248
070112
070432
050408
100892
100090
100659
100472
140275
140151
140219
140555
050076
050092
050357
050359
030252
030322
010323
010292
010374
010052
080393
080334
080319
080817
080398
080814
080647
080465
060515
060274
060054
060241
030307
030115
030165
030320
010144
010312
010163
010300
100732
100403
100249
101143
020497
020407
020109
020174
080268
080014
080342
080697
030277
030316
030326
030044
030018
030446
030027
030192
100441
101252
100456
100750
160083
160302
160310
160202
020356
020166
020175
020099
050069
050231
050152
050314
090694
091026
090254
090487
080023
081488
080177
081403
030346
030152
030163
030212
020163
020323
020475
020468
020098
020399
020134
020130
020408
020346
020150
020139
030075
030229
030359
050018
050105
050265
050290
030266
030352
030021
030464
120383
120386
120066
120119
120101
140303
140456
140514
140212
140178
080011
080147
080690
080256
090938
091224
090322
091005
170447
170485
170059
170361
100034
100066
100787
101175
100124
100704
100929
100742
150282
150435
150367
150023
130336
130437
180098
180393
180050
180297
040326
040276
040114
040342
160164
160296
160448
160291
010270
010095
010260
010159
070348
070422
070438
070390
030221
030040
030066
030419
110081
110283
110249
110208
060336
060498
060240
060210
250351
250304
250308
250090
020240
020301
020272
020043
090555
091069
090911
080558
010158
010363
010148
010583
020005
020101
020129
020380
110352
110255
110079
250054
081299
081361
080337
080322
080501
081524
080849
080692
010129
010410
010591
010257
070441
250380
070019
070340
050375
050224
050275
050199
020036
020321
020049
020062
030356
030344
030351
030153
090309
090685
091170
090987
250068
250024
250220
250152
010273
010135
010347
010208
050352
050226
080272
050310
180203
180117
180221
180051
081404
080843
081246
080856
040163
040025
040228
040178
030321
030060
030390
030084
100306
100658
101319
100545
081479
081118
081319
080233
020285
020207
020327
020469
090413
090569
090018
090906
250038
081053
081109
081399
080921
080902
081457
080826
110162
110018
110475
110333
060455
060031
060175
060423
030176
030017
030369
030422
080657
080383
081154
080915
110004
110379
110059
110238
040090
040249
040254
040057
020222
020485
020144
020201
020181
020180
020371
020414
170017
170194
170180
170214
160435
160023
160515
160199
040197
040409
040059
040266
040108
040445
040455
040395
090297
080731
090182
081091
100320
100523
100395
100505
070146
070417
070421
070076
110094
110430
110482
110253
250218
130203
130080
130025
060250
060007
060318
060486
140259
140070
140239
140451
080339
080519
081126
081105
020389
020007
020479
020121
250222
110210
110120
110194
040127
040180
040443
040084
130291
130490
130340
130288
090230
091104
091144
090161
140114
140005
140144
140426
020011
020254
020276
020347
090386
050012
050198
050312
050292
050320
050075
050251
080911
080343
080036
081397
101211
100291
101022
100568
030290
030310
030467
030410
070436
070092
070139
070336
010248
010023
010093
010109
070062
070268
070094
070371
050284
050232
050035
050370
010492
010220
010057
010446
070433
070204
070006
070176
070187
070428
070004
070034
020289
020124
020106
020417
060078
060216
060077
060272
080882
020311
020331
020184
020439
010438
010278
010200
010561
150429
150475
150126
150461
180320
180334
180072
180088
080437
081217
081139
090852
040091
040438
040323
040370
091212
090345
090776
091113
030110
030227
180230
180324
180043
180310
100243
100396
100057
100164
081465
080222
250299
080183
090172
091103
090789
090676
020155
020421
020209
020353
030306
030279
030347
030019
090874
090248
090056
090357
090303
090770
081162
060289
050308
050183
050141
050037
250028
250212
250136
250215
050164
050407
050047
050278
090680
081216
080042
050269
150197
150152
150585
150019
080198
081382
081436
080088
130222
130447
130394
130444
100930
100355
100158
101005
030014
030243
030309
030285
100153
100601
100007
100912
110173
250059
110254
110108
070192
070050
070379
070130
080587
080492
081386
080685
091202
090160
090600
091163
060215
060067
060420
060158
050194
050423
050236
050059
030148
030443
030035
030305
090047
090607
090952
091252
040071
040153
040288
040425
060023
060204
060376
060247
090968
091048
091199
090107
080420
080615
080065
080611
030274
030242
030404
030112
050081
050249
050022
050077
050185
080907
090258
050260
020336
020159
020185
020413
080197
080261
081260
080874
010419
010263
010371
010581
070131
070121
070005
070002
070244
070282
070234
070295
250060
080127
081384
080622
080121
080652
081302
081339
080152
080844
080460
080470
040062
040469
040218
040227
020076
020156
020153
020176
090983
090759
091138
090344
150506
150094
150177
150354
030215
030340
030200
030082
030048
030372
030291
030106
010304
010475
010394
010287
150055
150205
150523
150421
050057
050235
050350
050051
050179
050328
050257
050113
040106
040186
040295
040189
250053
250196
250202
250391
101265
101177
101189
100803
030145
030447
030141
030023
090325
090636
090900
090647
090266
090643
090368
090507
250093
250092
250120
250107
110161
110461
110230
110072
080715
081044
081416
080060
080846
080523
081064
080866
030261
030131
030373
030195
250188
250025
250338
250402
070152
070032
070003
070164
090779
090769
090464
090937
010234
010477
010291
010194
060120
060082
060148
060074
150221
150581
150137
150340
060395
060212
060366
060159
250111
070134
070323
070354
040036
040035
040353
040060
080656
080983
081254
081345
040468
040159
040396
040215
040367
040179
040440
040387
090603
090593
090951
091155
060397
060505
060093
060003
101173
101280
040264
040150
040052
040297
140484
140123
140431
140374
140375
140043
140540
140274
030474
030177
030350
030222
070396
070246
070424
070309
050080
050318
050366
050074
030101
030046
030202
030289
081061
080184
080600
080535
130419
130299
130182
130374
081308
081430
081049
080479
020041
020362
020122
020307
020001
020239
020337
020424
050093
050153
050122
050120
010132
010005
010432
010198
100297
100388
101153
101020
090112
080269
090070
090166
080254
080651
080724
080253
030436
030417
030198
030074
030283
140044
140382
140527
140477
090031
090453
090467
091043
090252
090926
091231
090513
081186
080318
080311
080786
120132
250006
120364
120135
081029
080887
081020
081272
091035
090667
090873
090883
160458
160391
160381
160013
130322
130408
130406
130472
020126
020409
020474
020487
010037
010293
010283
010548
090218
080064
091052
050356
250163
091051
090034
080912
081177
080410
080027
080221
110347
110378
110215
110078
110435
110355
110326
110227
050159
050416
050276
050181
080481
080850
080485
081209
110057
110168
110110
110310
090447
090217
090939
080951
030238
030435
030292
030228
020249
020243
020340
020438
090069
091229
080891
080352
030311
030098
030158
030401
080773
081040
080315
081300
030124
030314
010013
030008
040405
040448
040236
040312
150218
150409
150374
150039
070431
070227
070178
070442
020068
020471
020177
020257
020192
020354
020296
020396
090629
080831
090725
030161
080203
080768
080782
080696
090148
090424
090815
090726
040123
040407
040273
040449
170432
170067
170060
170331
080282
080702
080575
081228
090496
090999
090398
091100
020259
020017
020270
020066
040213
040434
040316
040072
080663
080557
080835
090871
020490
020477
020462
020405
090170
090566
090876
090527
080639
080705
080270
080387
090016
091047
090748
090483
250165
250164
250139
250382
080472
250353
081342
080067
010138
010228
010097
010397
050094
050362
050008
050177
070105
070018
070038
070095
110209
110386
110365
110086
030329
030132
030089
050316
050230
050009
050127
080896
080138
080047
080356
081088
081174
080411
081325
081215
080413
081358
081516
030370
030175
030128
030273
020092
020384
020314
020161
040279
040055
040422
040226
150329
150376
150297
150215
090078
080449
090338
080916
040256
040183
040408
040167
090441
090849
090049
090615
100956
100307
100633
100645
080722
081234
080325
080553
120166
120277
120114
120304
080616
080006
080333
080795
030006
030389
030246
030079
120017
120210
120262
120057
030142
030031
030354
030126
080439
081301
081377
080043
250177
250339
250401
250145
020425
020349
020281
020230
140385
140258
140187
140170
091116
090896
091210
090268
020386
020162
020261
020065
110002
110045
110437
110013
130144
130330
130218
130157
130399
130412
130489
130147
080107
080954
080726
081475
070150
070248
070112
070432
050408
100892
100090
100659
100472
140275
140151
140219
140555
050076
050092
050357
050359
030252
030322
010323
010292
010374
010052
080393
080334
080319
080817
080398
080814
080647
080465
060515
060274
060054
060241
030307
030115
030165
030320
010144
010312
010163
010300
100732
100403
100249
101143
020497
020407
020109
020174
080268
080014
080342
080697
030277
030316
030326
030044
030018
030446
030027
030192
100441
101252
100456
100750
160083
160302
160310
160202
020356
020166
020175
020099
050069
050231
050152
050314
090694
091026
090254
090487
080023
081488
080177
081403
030346
030152
030163
030212
020163
020323
020475
020468
020098
020399
020134
020130
020408
020346
020150
020139
030075
030229
030359
050018
050105
050265
050290
030266
030352
030021
030464
120383
120386
120066
120119
120101
140303
140456
140514
140212
140178
080011
080147
080690
080256
090938
091224
090322
091005
170447
170485
170059
170361
100034
100066
100787
101175
100124
100704
100929
100742
150282
150435
150367
150023
130336
130437
180098
180393
180050
180297
040326
040276
040114
040342
160164
160296
160448
160291
010270
010095
010260
010159
070348
070422
070438
070390
030221
030040
030066
030419
110081
110283
110249
110208
060336
060498
060240
060210
250351
250304
250308
250090
020240
020301
020272
020043
090555
091069
090911
080558
010158
010363
010148
010583
020005
020101
020129
020380
110352
110255
110079
250054
081299
081361
080337
080322
080501
081524
080849
080692
010129
010410
010591
010257
070441
250380
070019
070340
050375
050224
050275
050199
020036
020321
020049
020062
030356
030344
030351
030153
090309
090685
091170
090987
250068
250024
250220
250152
010273
010135
010347
010208
050352
050226
080272
050310
180203
180117
180221
180051
081404
080843
081246
080856
040163
040025
040228
040178
030321
030060
030390
030084
100306
100658
101319
100545
081479
081118
081319
080233
020285
020207
020327
020469
090413
090569
090018
090906
250038
081053
081109
081399
080921
080902
081457
080826
110162
110018
110475
110333
060455
060031
060175
060423
030176
030017
030369
030422
080657
080383
081154
080915
110004
110379
110059
110238
040090
040249
040254
040057
020222
020485
020144
020201
020181
020180
020371
020414
170017
170194
170180
170214
160435
160023
160515
160199
040197
040409
040059
040266
040108
040445
040455
040395
090297
080731
090182
081091
100320
100523
100395
100505
070146
070417
070421
070076
110094
110430
110482
110253
250218
130203
130080
130025
060250
060007
060318
060486
140259
140070
140239
140451
080339
080519
081126
081105
020389
020007
020479
020121
250222
110210
110120
110194
040127
040180
040443
040084
130291
130490
130340
130288
090230
091104
091144
090161
140114
140005
140144
140426
020011
020254
020276
020347
090386
050012
050198
050312
050292
050320
050075
050251
080911
080343
080036
081397
101211
100291
101022
100568
030290
030310
030467
030410
070436
070092
070139
070336
010248
010023
010093
010109
070062
070268
070094
070371
050284
050232
050035
050370
010492
010220
010057
010446
070433
070204
070006
070176
070187
070428
070004
070034
020289
020124
020106
020417
060078
060216
060077
060272
080882
020311
020331
020184
020439
010438
010278
010200
010561
150429
150475
150126
150461
180320
180334
180072
180088
080437
081217
081139
090852
040091
040438
040323
040370
091212
090345
090776
091113
030110
030227
180230
180324
180043
180310
100243
100396
100057
100164
081465
080222
250299
080183
090172
091103
090789
090676
020155
020421
020209
020353
030306
030279
030347
030019
090874
090248
090056
090357
090303
090770
081162
060289
050308
050183
050141
050037
250028
250212
250136
250215
050164
050407
050047
050278
090680
081216
080042
050269
150197
150152
150585
150019
080198
081382
081436
080088
130222
130447
130394
130444
100930
100355
100158
101005
030014
030243
030309
030285
100153
100601
100007
100912
110173
250059
110254
110108
070192
070050
070379
070130
080587
080492
081386
080685
091202
090160
090600
091163
060215
060067
060420
060158
050194
050423
050236
050059
030148
030443
030035
030305
090047
090607
090952
091252
040071
040153
040288
040425
060023
060204
060376
060247
090968
091048
091199
090107
080420
080615
080065
080611
030274
030242
030404
030112
050081
050249
050022
050077
050185
080907
090258
050260
020336
020159
020185
020413
080197
080261
081260
080874
010419
010263
010371
010581
070131
070121
070005
070002
070244
070282
070234
070295
250060
080127
081384
080622
080121
080652
081302
081339
080152
080844
080460
080470
040062
040469
040218
040227
020076
020156
020153
020176
090983
090759
091138
090344
150506
150094
150177
150354
030215
030340
030200
030082
030048
030372
030291
030106
010304
010475
010394
010287
150055
150205
150523
150421
050057
050235
050350
050051
050179
050328
050257
050113
040106
040186
040295
040189
250053
250196
250202
250391
101265
101177
101189
100803
030145
030447
030141
030023
090325
090636
090900
090647
090266
090643
090368
090507
250093
250092
250120
250107
110161
110461
110230
110072
080715
081044
081416
080060
080846
080523
081064
080866
030261
030131
030373
030195
250188
250025
250338
250402
070152
070032
070003
070164
090779
090769
090464
090937
010234
010477
010291
010194
060120
060082
060148
060074
150221
150581
150137
150340
060395
060212
060366
060159
250111
070134
070323
070354
040036
040035
040353
040060
080656
080983
081254
081345
040468
040159
040396
040215
040367
040179
040440
040387
090603
090593
090951
091155
060397
060505
060093
060003
101173
101280
040264
040150
040052
040297
140484
140123
140431
140374
140375
140043
140540
140274
030474
030177
030350
030222
070396
070246
070424
070309
050080
050318
050366
050074
030101
030046
030202
030289
081061
080184
080600
080535
130419
130299
130182
130374
081308
081430
081049
080479
020041
020362
020122
020307
020001
020239
020337
020424
050093
050153
050122
050120
010132
010005
010432
010198
100297
100388
101153
101020
090112
080269
090070
090166
080254
080651
080724
080253
030436
030417
030198
030074
030283
140044
140382
140527
140477
090031
090453
090467
091043
090252
090926
091231
090513
081186
080318
080311
080786
120132
250006
120364
120135
081029
080887
081020
081272
091035
090667
090873
090883
160458
160391
160381
160013
130322
130408
130406
130472
020126
020409
020474
020487
010037
010293
010283
010548
090218
080064
091052
050356
250163
091051
090034
080912
081177
080410
080027
080221
110347
110378
110215
110078
110435
110355
110326
110227
050159
050416
050276
050181
080481
080850
080485
081209
110057
110168
110110
110310
090447
090217
090939
080951
030238
030435
030292
030228
020249
020243
020340
020438
090069
091229
080891
080352
030311
030098
030158
030401
080773
081040
080315
081300
030124
030314
010013
030008
040405
040448
040236
040312
150218
150409
150374
150039
070431
070227
070178
070442
020068
020471
020177
020257
020192
020354
020296
020396
090629
080831
090725
030161
080203
080768
080782
080696
090148
090424
090815
090726
040123
040407
040273
040449
170432
170067
170060
170331
080282
080702
080575
081228
090496
090999
090398
091100
020259
020017
020270
020066
040213
040434
040316
040072
080663
080557
080835
090871
020490
020477
020462
020405
090170
090566
090876
090527
080639
080705
080270
080387
090016
091047
090748
090483
250165
250164
250139
250382
080472
250353
081342
080067
010138
010228
010097
010397
050094
050362
050008
050177
070105
070018
070038
070095
110209
110386
110365
110086
030329
030132
030089
050316
050230
050009
050127
080896
080138
080047
080356
081088
081174
080411
081325
081215
080413
081358
081516
030370
030175
030128
030273
020092
020384
020314
020161
040279
040055
040422
040226
150329
150376
150297
150215
090078
080449
090338
080916
040256
040183
040408
040167
090441
090849
090049
090615
100956
100307
100633
100645
080722
081234
080325
080553
120166
120277
120114
120304
080616
080006
080333
080795
030006
030389
030246
030079
120017
120210
120262
120057
030142
030031
030354
030126
080439
081301
081377
080043
250177
250339
250401
250145
020425
020349
020281
020230
140385
140258
140187
140170
091116
090896
091210
090268
020386
020162
020261
020065
110002
110045
110437
110013
130144
130330
130218
130157
130399
130412
130489
130147
080107
080954
080726
081475
070150
070248
070112
070432
050408
100892
100090
100659
100472
140275
140151
140219
140555
050076
050092
050357
050359
030252
030322
010323
010292
010374
010052
080393
080334
080319
080817
080398
080814
080647
080465
060515
060274
060054
060241
030307
030115
030165
030320
010144
010312
010163
010300
100732
100403
100249
101143
020497
020407
020109
020174
080268
080014
080342
080697
030277
030316
030326
030044
030018
030446
030027
030192
100441
101252
100456
100750
160083
160302
160310
160202
020356
020166
020175
020099
050069
050231
050152
050314
090694
091026
090254
090487
080023
081488
080177
081403
030346
030152
030163
030212
020163
020323
020475
020468
020098
020399
020134
020130
020408
020346
020150
020139
030075
030229
030359
050018
050105
050265
050290
030266
030352
030021
030464
120383
120386
120066
120119
120101
140303
140456
140514
140212
140178
080011
080147
080690
080256
090938
091224
090322
091005
170447
170485
170059
170361
100034
100066
100787
101175
100124
100704
100929
100742
150282
150435
150367
150023
130336
130437
180098
180393
180050
180297
040326
040276
040114
040342
160164
160296
160448
160291
010270
010095
010260
010159
070348
070422
070438
070390
030221
030040
030066
030419
110081
110283
110249
110208
060336
060498
060240
060210
250351
250304
250308
250090
020240
020301
020272
020043
090555
091069
090911
080558
010158
010363
010148
010583
020005
020101
020129
020380
110352
110255
110079
250054
081299
081361
080337
080322
080501
081524
080849
080692
010129
010410
010591
010257
070441
250380
070019
070340
050375
050224
050275
050199
020036
020321
020049
020062
030356
030344
030351
030153
090309
090685
091170
090987
250068
250024
250220
250152
010273
010135
010347
010208
050352
050226
080272
050310
180203
180117
180221
180051
081404
080843
081246
080856
040163
040025
040228
040178
030321
030060
030390
030084
100306
100658
101319
100545
081479
081118
081319
080233
020285
020207
020327
020469
090413
090569
090018
090906
250038
081053
081109
081399
080921
080902
081457
080826
110162
110018
110475
110333
060455
060031
060175
060423
030176
030017
030369
030422
080657
080383
081154
080915
110004
110379
110059
110238
040090
040249
040254
040057
020222
020485
020144
020201
020181
020180
020371
020414
170017
170194
170180
170214
160435
160023
160515
160199
040197
040409
040059
040266
040108
040445
040455
040395
090297
080731
090182
081091
100320
100523
100395
100505
070146
070417
070421
070076
110094
110430
110482
110253
250218
130203
130080
130025
060250
060007
060318
060486
140259
140070
140239
140451
080339
080519
081126
081105
020389
020007
020479
020121
250222
110210
110120
110194
040127
040180
040443
040084
130291
130490
130340
130288
090230
091104
091144
090161
140114
140005
140144
140426
020011
020254
020276
020347
090386
050012
050198
050312
050292
050320
050075
050251
080911
080343
080036
081397
101211
100291
101022
100568
030290
030310
030467
030410
070436
070092
070139
070336
010248
010023
010093
010109
070062
070268
070094
070371
050284
050232
050035
050370
010492
010220
010057
010446
070433
070204
070006
070176
070187
070428
070004
070034
020289
020124
020106
020417
060078
060216
060077
060272
080882
020311
020331
020184
020439
010438
010278
010200
010561
150429
150475
150126
150461
180320
180334
180072
180088
080437
081217
081139
090852
040091
040438
040323
040370
091212
090345
090776
091113
030110
030227
180230
180324
180043
180310
100243
100396
100057
100164
081465
080222
250299
080183
090172
091103
090789
090676
020155
020421
020209
020353
030306
030279
030347
030019
090874
090248
090056
090357
090303
090770
081162
060289
050308
050183
050141
050037
250028
250212
250136
250215
050164
050407
050047
050278
090680
081216
080042
050269
150197
150152
150585
150019
080198
081382
081436
080088
130222
130447
130394
130444
100930
100355
100158
101005
030014
030243
030309
030285
100153
100601
100007
100912
110173
250059
110254
110108
070192
070050
070379
070130
080587
080492
081386
080685
091202
090160
090600
091163
060215
060067
060420
060158
050194
050423
050236
050059
030148
030443
030035
030305
090047
090607
090952
091252
040071
040153
040288
040425
060023
060204
060376
060247
090968
091048
091199
090107
080420
080615
080065
080611
030274
030242
030404
030112
050081
050249
050022
050077
050185
080907
090258
050260
020336
020159
020185
020413
080197
080261
081260
080874
010419
010263
010371
010581
070131
070121
070005
070002
070244
070282
070234
070295
250060
080127
081384
080622
080121
080652
081302
081339
080152
080844
080460
080470
040062
040469
040218
040227
020076
020156
020153
020176
090983
090759
091138
090344
150506
150094
150177
150354
030215
030340
030200
030082
030048
030372
030291
030106
010304
010475
010394
010287
150055
150205
150523
150421
050057
050235
050350
050051
050179
050328
050257
050113
040106
040186
040295
040189
250053
250196
250202
250391
101265
101177
101189
100803
030145
030447
030141
030023
090325
090636
090900
090647
090266
090643
090368
090507
250093
250092
250120
250107
110161
110461
110230
110072
080715
081044
081416
080060
080846
080523
081064
080866
030261
030131
030373
030195
250188
250025
250338
250402
070152
070032
070003
070164
090779
090769
090464
090937
010234
010477
010291
010194
060120
060082
060148
060074
150221
150581
150137
150340
060395
060212
060366
060159
250111
070134
070323
070354
040036
040035
040353
040060
080656
080983
081254
081345
040468
040159
040396
040215
040367
040179
040440
040387
090603
090593
090951
091155
060397
060505
060093
060003
101173
101280
040264
040150
040052
040297
140484
140123
140431
140374
140375
140043
140540
140274
030474
030177
030350
030222
070396
070246
070424
070309
050080
050318
050366
050074
030101
030046
030202
030289
081061
080184
080600
080535
130419
130299
130182
130374
081308
081430
081049
080479
020041
020362
020122
020307
020001
020239
020337
020424
050093
050153
050122
050120
010132
010005
010432
010198
100297
100388
101153
101020
090112
080269
090070
090166
080254
080651
080724
080253
030436
030417
030198
030074
030283
140044
140382
140527
140477
090031
090453
090467
091043
090252
090926
091231
090513
081186
080318
080311
080786
120132
250006
120364
120135
081029
080887
081020
081272
091035
090667
090873
090883
160458
160391
160381
160013
130322
130408
130406
130472
020126
020409
020474
020487
010037
010293
010283
010548
090218
080064
091052
050356
250163
091051
090034
080912
081177
080410
080027
080221
110347
110378
110215
110078
110435
110355
110326
110227
050159
050416
050276
050181
080481
080850
080485
081209
110057
110168
110110
110310
090447
090217
090939
080951
030238
030435
030292
030228
020249
020243
020340
020438
090069
091229
080891
080352
030311
030098
030158
030401
080773
081040
080315
081300
030124
030314
010013
030008
040405
040448
040236
040312
150218
150409
150374
150039
070431
070227
070178
070442
020068
020471
020177
020257
020192
020354
020296
020396
090629
080831
090725
030161
080203
080768
080782
080696
090148
090424
090815
090726
040123
040407
040273
040449
170432
170067
170060
170331
080282
080702
080575
081228
090496
090999
090398
091100
020259
020017
020270
020066
040213
040434
040316
040072
080663
080557
080835
090871
020490
020477
020462
020405
090170
090566
090876
090527
080639
080705
080270
080387
090016
091047
090748
090483
250165
250164
250139
250382
080472
250353
081342
080067
010138
010228
010097
010397
050094
050362
050008
050177
070105
070018
070038
070095
110209
110386
110365
110086
030329
030132
030089
050316
050230
050009
050127
080896
080138
080047
080356
081088
081174
080411
081325
081215
080413
081358
081516
030370
030175
030128
030273
020092
020384
020314
020161
040279
040055
040422
040226
150329
150376
150297
150215
090078
080449
090338
080916
040256
040183
040408
040167
090441
090849
090049
090615
100956
100307
100633
100645
080722
081234
080325
080553
120166
120277
120114
120304
080616
080006
080333
080795
030006
030389
030246
030079
120017
120210
120262
120057
030142
030031
030354
030126
080439
081301
081377
080043
250177
250339
250401
250145
020425
020349
020281
020230
140385
140258
140187
140170
091116
090896
091210
090268
020386
020162
020261
020065
110002
110045
110437
110013
130144
130330
130218
130157
130399
130412
130489
130147
080107
080954
080726
081475
070150
070248
070112
070432
050408
100892
100090
100659
100472
140275
140151
140219
140555
050076
050092
050357
050359
030252
030322
010323
010292
010374
010052
080393
080334
080319
080817
080398
080814
080647
080465
060515
060274
060054
060241
030307
030115
030165
030320
010144
010312
010163
010300
100732
100403
100249
101143
020497
020407
020109
020174
080268
080014
080342
080697
030277
030316
030326
030044
030018
030446
030027
030192
100441
101252
100456
100750
160083
160302
160310
160202
020356
020166
020175
020099
050069
050231
050152
050314
090694
091026
090254
090487
080023
081488
080177
081403
030346
030152
030163
030212
020163
020323
020475
020468
020098
020399
020134
020130
020408
020346
020150
020139
030075
030229
030359
050018
050105
050265
050290
030266
030352
030021
030464
120383
120386
120066
120119
120101
140303
140456
140514
140212
140178
080011
080147
080690
080256
090938
091224
090322
091005
170447
170485
170059
170361
100034
100066
100787
101175
100124
100704
100929
100742
150282
150435
150367
150023
130336
130437
180098
180393
180050
180297
040326
040276
040114
040342
160164
160296
160448
160291
010270
010095
010260
010159
070348
070422
070438
070390
030221
030040
030066
030419
110081
110283
110249
110208
060336
060498
060240
060210
250351
250304
250308
250090
020240
020301
020272
020043
090555
091069
090911
080558
010158
010363
010148
010583
020005
020101
020129
020380
110352
110255
110079
250054
081299
081361
080337
080322
080501
081524
080849
080692
010129
010410
010591
010257
070441
250380
070019
070340
050375
050224
050275
050199
020036
020321
020049
020062
030356
030344
030351
030153
090309
090685
091170
090987
250068
250024
250220
250152
010273
010135
010347
010208
050352
050226
080272
050310
180203
180117
180221
180051
081404
080843
081246
080856
040163
040025
040228
040178
030321
030060
030390
030084
100306
100658
101319
100545
081479
081118
081319
080233
020285
020207
020327
020469
090413
090569
090018
090906
250038
081053
081109
081399
080921
080902
081457
080826
110162
110018
110475
110333
060455
060031
060175
060423
030176
030017
030369
030422
080657
080383
081154
080915
110004
110379
110059
