091142
090414
090819
090023
090130
090889
090418
100271
101298
101192
100019
101035
100315
170017
170139
170464
170065
170457
170189
150387
150118
150443
150121
150408
150547
140259
140121
140260
140454
140253
140193
130399
130318
130074
130097
130312
130185
010220
010251
010028
010323
010435
010052
160164
160118
160343
160317
160076
160346
020155
020453
020243
020469
020326
020145
180230
180121
180371
250233
180259
180110
050057
050182
050139
050350
050425
050087
070150
070136
070304
070345
070123
070387
080339
080543
080602
080561
080267
080385
110161
110169
250311
110043
110353
110057
091199
090838
090375
090010
090768
080558
040192
040134
040463
040012
040169
040226
250181
250001
250363
250055
250226
250110
040256
040458
040428
040151
040309
040064
120191
120249
120450
120009
120250
120216
020408
020205
020308
020437
020114
020023
100297
100116
100498
101241
100032
100372
060436
060056
060271
060154
060407
060228
250218
130116
130134
130135
130123
130223
250028
250241
250029
250379
250305
250325
080721
080191
080635
080270
080417
080157
010580
010501
010360
010152
010002
010561
080198
081224
081322
080925
081279
080395
040468
040304
040001
040105
040086
040410
020289
020146
020248
020402
020433
020181
010449
010082
010164
010092
010388
010463
250334
081121
080785
080253
080851
080786
090603
090690
250394
091206
091235
091108
130322
130148
130408
130419
130472
130355
091246
090727
091218
090184
090464
081426
080437
091061
081217
090176
090330
090658
090526
091064
090162
090407
090486
090134
100732
100457
100799
100870
100458
100862
130443
130227
130381
130151
130194
130275
090509
091116
090057
091059
091110
090448
090545
090541
090119
091215
090794
080878
070165
070060
070157
070281
070137
070074
050342
050167
050164
050237
050278
080184
100908
101155
101097
100261
100746
101302
140280
140396
140557
140063
140053
140245
060385
060349
060240
060317
060251
250248
030399
030151
030021
030418
030178
030249
140044
140163
140257
140172
140033
140124
081086
080715
080613
080542
080990
081416
010132
010408
010503
010566
010038
010385
040108
040384
040131
040455
040054
040254
080346
080744
081436
080594
080949
081102
030240
030140
030181
030404
030411
030171
110173
110368
110016
110462
110397
110374
110051
110119
110165
110180
110412
110078
180225
180217
180041
180367
180029
180220
080190
080610
080081
080342
080619
081276
030402
030029
030035
030241
250406
030459
030306
030216
030294
030301
030209
030129
250177
250153
250364
250287
250291
250417
050330
050248
050149
050322
050369
050371
150024
150221
150124
150376
150479
150401
170144
170276
170091
170182
170502
170496
070158
070426
070238
070102
070069
070249
160260
160305
160515
160571
160392
160469
081216
090887
090882
090433
090922
040240
080773
081383
081506
081496
080693
091185
250009
250092
250308
250411
250332
250201
101046
100788
100141
101148
100956
100370
060280
060195
060103
060158
060229
060157
100320
100014
100063
100754
101053
101284
020103
020009
020117
020328
020167
020059
010213
010321
010521
010476
010233
010032
090864
091220
090454
090363
091135
090669
110364
110464
110265
250074
110310
110207
040078
040125
040218
040272
040174
040350
020444
020203
020188
020362
020430
020182
060219
060041
060131
060509
060286
060479
110309
110204
110421
250222
110059
110394
081022
080712
080810
080913
080372
080751
030321
030033
030057
030335
030300
030056
091237
090194
090994
090256
091075
091043
060395
060049
060291
060034
060075
060159
030001
030122
030341
030371
030446
030007
080405
081203
081295
080067
080120
080764
030445
030284
030201
030337
030085
030082
010037
010403
010284
010207
010244
010020
070042
070138
070197
070032
070064
070106
081501
080719
080879
080133
081428
081249
040150
040244
040411
040387
040101
040250
050121
050244
050331
050136
050151
050390
090560
090424
091001
090503
080677
090984
040091
040103
040450
040023
040429
040305
080824
081275
081168
080701
080404
080984
081308
081348
050185
091052
080809
050206
090495
091025
090773
250267
090629
091250
020386
020425
020174
020048
020377
020314
050287
050101
050349
030261
090522
030322
050316
050313
050255
050007
050144
090497
060481
060039
060375
060476
060210
060095
030146
030244
030225
030369
050263
050226
091142
090414
090819
090023
090130
090889
090418
100271
101298
101192
100019
101035
100315
170017
170139
170464
170065
170457
170189
150387
150118
150443
150121
150408
150547
140259
140121
140260
140454
140253
140193
130399
130318
130074
130097
130312
130185
010220
010251
010028
010323
010435
010052
160164
160118
160343
160317
160076
160346
020155
020453
020243
020469
020326
020145
180230
180121
180371
250233
180259
180110
050057
050182
050139
050350
050425
050087
070150
070136
070304
070345
070123
070387
080339
080543
080602
080561
080267
080385
110161
110169
250311
110043
110353
110057
091199
090838
090375
090010
090768
080558
040192
040134
040463
040012
040169
040226
250181
250001
250363
250055
250226
250110
040256
040458
040428
040151
040309
040064
120191
120249
120450
120009
120250
120216
020408
020205
020308
020437
020114
020023
100297
100116
100498
101241
100032
100372
060436
060056
060271
060154
060407
060228
250218
130116
130134
130135
130123
130223
250028
250241
250029
250379
250305
250325
080721
080191
080635
080270
080417
080157
010580
010501
010360
010152
010002
010561
080198
081224
081322
080925
081279
080395
040468
040304
040001
040105
040086
040410
020289
020146
020248
020402
020433
020181
010449
010082
010164
010092
010388
010463
250334
081121
080785
080253
080851
080786
090603
090690
250394
091206
091235
091108
130322
130148
130408
130419
130472
130355
091246
090727
091218
090184
090464
081426
080437
091061
081217
090176
090330
090658
090526
091064
090162
090407
090486
090134
100732
100457
100799
100870
100458
100862
130443
130227
130381
130151
130194
130275
090509
091116
090057
091059
091110
090448
090545
090541
090119
091215
090794
080878
070165
070060
070157
070281
070137
070074
050342
050167
050164
050237
050278
080184
100908
101155
101097
100261
100746
101302
140280
140396
140557
140063
140053
140245
060385
060349
060240
060317
060251
250248
030399
030151
030021
030418
030178
030249
140044
140163
140257
140172
140033
140124
081086
080715
080613
080542
080990
081416
010132
010408
010503
010566
010038
010385
040108
040384
040131
040455
040054
040254
080346
080744
081436
080594
080949
081102
030240
030140
030181
030404
030411
030171
110173
110368
110016
110462
110397
110374
110051
110119
110165
110180
110412
110078
180225
180217
180041
180367
180029
180220
080190
080610
080081
080342
080619
081276
030402
030029
030035
030241
250406
030459
030306
030216
030294
030301
030209
030129
250177
250153
250364
250287
250291
250417
050330
050248
050149
050322
050369
050371
150024
150221
150124
150376
150479
150401
170144
170276
170091
170182
170502
170496
070158
070426
070238
070102
070069
070249
160260
160305
160515
160571
160392
160469
081216
090887
090882
090433
090922
040240
080773
081383
081506
081496
080693
091185
250009
250092
250308
250411
250332
250201
101046
100788
100141
101148
100956
100370
060280
060195
060103
060158
060229
060157
100320
100014
100063
100754
101053
101284
020103
020009
020117
020328
020167
020059
010213
010321
010521
010476
010233
010032
090864
091220
090454
090363
091135
090669
110364
110464
110265
250074
110310
110207
040078
040125
040218
040272
040174
040350
020444
020203
020188
020362
020430
020182
060219
060041
060131
060509
060286
060479
110309
110204
110421
250222
110059
110394
081022
080712
080810
080913
080372
080751
030321
030033
030057
030335
030300
030056
091237
090194
090994
090256
091075
091043
060395
060049
060291
060034
060075
060159
030001
030122
030341
030371
030446
030007
080405
081203
081295
080067
080120
080764
030445
030284
030201
030337
030085
030082
010037
010403
010284
010207
010244
010020
070042
070138
070197
070032
070064
070106
081501
080719
080879
080133
081428
081249
040150
040244
040411
040387
040101
040250
050121
050244
050331
050136
050151
050390
090560
090424
091001
090503
080677
090984
040091
040103
040450
040023
040429
040305
080824
081275
081168
080701
080404
080984
081308
081348
050185
091052
080809
050206
090495
091025
090773
250267
090629
091250
020386
020425
020174
020048
020377
020314
050287
050101
050349
030261
090522
030322
050316
050313
050255
050007
050144
090497
060481
060039
060375
060476
060210
060095
030146
030244
030225
030369
050263
050226
091142
090414
090819
090023
090130
090889
090418
100271
101298
101192
100019
101035
100315
170017
170139
170464
170065
170457
170189
150387
150118
150443
150121
150408
150547
140259
140121
140260
140454
140253
140193
130399
130318
130074
130097
130312
130185
010220
010251
010028
010323
010435
010052
160164
160118
160343
160317
160076
160346
020155
020453
020243
020469
020326
020145
180230
180121
180371
250233
180259
180110
050057
050182
050139
050350
050425
050087
070150
070136
070304
070345
070123
070387
080339
080543
080602
080561
080267
080385
110161
110169
250311
110043
110353
110057
091199
090838
090375
090010
090768
080558
040192
040134
040463
040012
040169
040226
250181
250001
250363
250055
250226
250110
040256
040458
040428
040151
040309
040064
120191
120249
120450
120009
120250
120216
020408
020205
020308
020437
020114
020023
100297
100116
100498
101241
100032
100372
060436
060056
060271
060154
060407
060228
250218
130116
130134
130135
130123
130223
250028
250241
250029
250379
250305
250325
080721
080191
080635
080270
080417
080157
010580
010501
010360
010152
010002
010561
080198
081224
081322
080925
081279
080395
040468
040304
040001
040105
040086
040410
020289
020146
020248
020402
020433
020181
010449
010082
010164
010092
010388
010463
250334
081121
080785
080253
080851
080786
090603
090690
250394
091206
091235
091108
130322
130148
130408
130419
130472
130355
091246
090727
091218
090184
090464
081426
080437
091061
081217
090176
090330
090658
090526
091064
090162
090407
090486
090134
100732
100457
100799
100870
100458
100862
130443
130227
130381
130151
130194
130275
090509
091116
090057
091059
091110
090448
090545
090541
090119
091215
090794
080878
070165
070060
070157
070281
070137
070074
050342
050167
050164
050237
050278
080184
100908
101155
101097
100261
100746
101302
140280
140396
140557
140063
140053
140245
060385
060349
060240
060317
060251
250248
030399
030151
030021
030418
030178
030249
140044
140163
140257
140172
140033
140124
081086
080715
080613
080542
080990
081416
010132
010408
010503
010566
010038
010385
040108
040384
040131
040455
040054
040254
080346
080744
081436
080594
080949
081102
030240
030140
030181
030404
030411
030171
110173
110368
110016
110462
110397
110374
110051
110119
110165
110180
110412
110078
180225
180217
180041
180367
180029
180220
080190
080610
080081
080342
080619
081276
030402
030029
030035
030241
250406
030459
030306
030216
030294
030301
030209
030129
250177
250153
250364
250287
250291
250417
050330
050248
050149
050322
050369
050371
150024
150221
150124
150376
150479
150401
170144
170276
170091
170182
170502
170496
070158
070426
070238
070102
070069
070249
160260
160305
160515
160571
160392
160469
081216
090887
090882
090433
090922
040240
080773
081383
081506
081496
080693
091185
250009
250092
250308
250411
250332
250201
101046
100788
100141
101148
100956
100370
060280
060195
060103
060158
060229
060157
100320
100014
100063
100754
101053
101284
020103
020009
020117
020328
020167
020059
010213
010321
010521
010476
010233
010032
090864
091220
090454
090363
091135
090669
110364
110464
110265
250074
110310
110207
040078
040125
040218
040272
040174
040350
020444
020203
020188
020362
020430
020182
060219
060041
060131
060509
060286
060479
110309
110204
110421
250222
110059
110394
081022
080712
080810
080913
080372
080751
030321
030033
030057
030335
030300
030056
091237
090194
090994
090256
091075
091043
060395
060049
060291
060034
060075
060159
030001
030122
030341
030371
030446
030007
080405
081203
081295
080067
080120
080764
030445
030284
030201
030337
030085
030082
010037
010403
010284
010207
010244
010020
070042
070138
070197
070032
070064
070106
081501
080719
080879
080133
081428
081249
040150
040244
040411
040387
040101
040250
050121
050244
050331
050136
050151
050390
090560
090424
091001
090503
080677
090984
040091
040103
040450
040023
040429
040305
080824
081275
081168
080701
080404
080984
081308
081348
050185
091052
080809
050206
090495
091025
090773
250267
090629
091250
020386
020425
020174
020048
020377
020314
050287
050101
050349
030261
090522
030322
050316
050313
050255
050007
050144
090497
060481
060039
060375
060476
060210
060095
030146
030244
030225
030369
050263
050226
091142
090414
090819
090023
090130
090889
090418
100271
101298
101192
100019
101035
100315
170017
170139
170464
170065
170457
170189
150387
150118
150443
150121
150408
150547
140259
140121
140260
140454
140253
140193
130399
130318
130074
130097
130312
130185
010220
010251
010028
010323
010435
010052
160164
160118
160343
160317
160076
160346
020155
020453
020243
020469
020326
020145
180230
180121
180371
250233
180259
180110
050057
050182
050139
050350
050425
050087
070150
070136
070304
070345
070123
070387
080339
080543
080602
080561
080267
080385
110161
110169
250311
110043
110353
110057
091199
090838
090375
090010
090768
080558
040192
040134
040463
040012
040169
040226
250181
250001
250363
250055
250226
250110
040256
040458
040428
040151
040309
040064
120191
120249
120450
120009
120250
120216
020408
020205
020308
020437
020114
020023
100297
100116
100498
101241
100032
100372
060436
060056
060271
060154
060407
060228
250218
130116
130134
130135
130123
130223
250028
250241
250029
250379
250305
250325
080721
080191
080635
080270
080417
080157
010580
010501
010360
010152
010002
010561
080198
081224
081322
080925
081279
080395
040468
040304
040001
040105
040086
040410
020289
020146
020248
020402
020433
020181
010449
010082
010164
010092
010388
010463
250334
081121
080785
080253
080851
080786
090603
090690
250394
091206
091235
091108
130322
130148
130408
130419
130472
130355
091246
090727
091218
090184
090464
081426
080437
091061
081217
090176
090330
090658
090526
091064
090162
090407
090486
090134
100732
100457
100799
100870
100458
100862
130443
130227
130381
130151
130194
130275
090509
091116
090057
091059
091110
090448
090545
090541
090119
091215
090794
080878
070165
070060
070157
070281
070137
070074
050342
050167
050164
050237
050278
080184
100908
101155
101097
100261
100746
101302
140280
140396
140557
140063
140053
140245
060385
060349
060240
060317
060251
250248
030399
030151
030021
030418
030178
030249
140044
140163
140257
140172
140033
140124
081086
080715
080613
080542
080990
081416
010132
010408
010503
010566
010038
010385
040108
040384
040131
040455
040054
040254
080346
080744
081436
080594
080949
081102
030240
030140
030181
030404
030411
030171
110173
110368
110016
110462
110397
110374
110051
110119
110165
110180
110412
110078
180225
180217
180041
180367
180029
180220
080190
080610
080081
080342
080619
081276
030402
030029
030035
030241
250406
030459
030306
030216
030294
030301
030209
030129
250177
250153
250364
250287
250291
250417
050330
050248
050149
050322
050369
050371
150024
150221
150124
150376
150479
150401
170144
170276
170091
170182
170502
170496
070158
070426
070238
070102
070069
070249
160260
160305
160515
160571
160392
160469
081216
090887
090882
090433
090922
040240
080773
081383
081506
081496
080693
091185
250009
250092
250308
250411
250332
250201
101046
100788
100141
101148
100956
100370
060280
060195
060103
060158
060229
060157
100320
100014
100063
100754
101053
101284
020103
020009
020117
020328
020167
020059
010213
010321
010521
010476
010233
010032
090864
091220
090454
090363
091135
090669
110364
110464
110265
250074
110310
110207
040078
040125
040218
040272
040174
040350
020444
020203
020188
020362
020430
020182
060219
060041
060131
060509
060286
060479
110309
110204
110421
250222
110059
110394
081022
080712
080810
080913
080372
080751
030321
030033
030057
030335
030300
030056
091237
090194
090994
090256
091075
091043
060395
060049
060291
060034
060075
060159
030001
030122
030341
030371
030446
030007
080405
081203
081295
080067
080120
080764
030445
030284
030201
030337
030085
030082
010037
010403
010284
010207
010244
010020
070042
070138
070197
070032
070064
070106
081501
080719
080879
080133
081428
081249
040150
040244
040411
040387
040101
040250
050121
050244
050331
050136
050151
050390
090560
090424
091001
090503
080677
090984
040091
040103
040450
040023
040429
040305
080824
081275
081168
080701
080404
080984
081308
081348
050185
091052
080809
050206
090495
091025
090773
250267
090629
091250
020386
020425
020174
020048
020377
020314
050287
050101
050349
030261
090522
030322
050316
050313
050255
050007
050144
090497
060481
060039
060375
060476
060210
060095
030146
030244
030225
030369
050263
050226
091142
090414
090819
090023
090130
090889
090418
100271
101298
101192
100019
101035
100315
170017
170139
170464
170065
170457
170189
150387
150118
150443
150121
150408
150547
140259
140121
140260
140454
140253
140193
130399
130318
130074
130097
130312
130185
010220
010251
010028
010323
010435
010052
160164
160118
160343
160317
160076
160346
020155
020453
020243
020469
020326
020145
180230
180121
180371
250233
180259
180110
050057
050182
050139
050350
050425
050087
070150
070136
070304
070345
070123
070387
080339
080543
080602
080561
080267
080385
110161
110169
250311
110043
110353
110057
091199
090838
090375
090010
090768
080558
040192
040134
040463
040012
040169
040226
250181
250001
250363
250055
250226
250110
040256
040458
040428
040151
040309
040064
120191
120249
120450
120009
120250
120216
020408
020205
020308
020437
020114
020023
100297
100116
100498
101241
100032
100372
060436
060056
060271
060154
060407
060228
250218
130116
130134
130135
130123
130223
250028
250241
250029
250379
250305
250325
080721
080191
080635
080270
080417
080157
010580
010501
010360
010152
010002
010561
080198
081224
081322
080925
081279
080395
040468
040304
040001
040105
040086
040410
020289
020146
020248
020402
020433
020181
010449
010082
010164
010092
010388
010463
250334
081121
080785
080253
080851
080786
090603
090690
250394
091206
091235
091108
130322
130148
130408
130419
130472
130355
091246
090727
091218
090184
090464
081426
080437
091061
081217
090176
090330
090658
090526
091064
090162
090407
090486
090134
100732
100457
100799
100870
100458
100862
130443
130227
130381
130151
130194
130275
090509
091116
090057
091059
091110
090448
090545
090541
090119
091215
090794
080878
070165
070060
070157
070281
070137
070074
050342
050167
050164
050237
050278
080184
100908
101155
101097
100261
100746
101302
140280
140396
140557
140063
140053
140245
060385
060349
060240
060317
060251
250248
030399
030151
030021
030418
030178
030249
140044
140163
140257
140172
140033
140124
081086
080715
080613
080542
080990
081416
010132
010408
010503
010566
010038
010385
040108
040384
040131
040455
040054
040254
080346
080744
081436
080594
080949
081102
030240
030140
030181
030404
030411
030171
110173
110368
110016
110462
110397
110374
110051
110119
110165
110180
110412
110078
180225
180217
180041
180367
180029
180220
080190
080610
080081
080342
080619
081276
030402
030029
030035
030241
250406
030459
030306
030216
030294
030301
030209
030129
250177
250153
250364
250287
250291
250417
050330
050248
050149
050322
050369
050371
150024
150221
150124
150376
150479
150401
170144
170276
170091
170182
170502
170496
070158
070426
070238
070102
070069
070249
160260
160305
160515
160571
160392
160469
081216
090887
090882
090433
090922
040240
080773
081383
081506
081496
080693
091185
250009
250092
250308
250411
250332
250201
101046
100788
100141
101148
100956
100370
060280
060195
060103
060158
060229
060157
100320
100014
100063
100754
101053
101284
020103
020009
020117
020328
020167
020059
010213
010321
010521
010476
010233
010032
090864
091220
090454
090363
091135
090669
110364
110464
110265
250074
110310
110207
040078
040125
040218
040272
040174
040350
020444
020203
020188
020362
020430
020182
060219
060041
060131
060509
060286
060479
110309
110204
110421
250222
110059
110394
081022
080712
080810
080913
080372
080751
030321
030033
030057
030335
030300
030056
091237
090194
090994
090256
091075
091043
060395
060049
060291
060034
060075
060159
030001
030122
030341
030371
030446
030007
080405
081203
081295
080067
080120
080764
030445
030284
030201
030337
030085
030082
010037
010403
010284
010207
010244
010020
070042
070138
070197
070032
070064
070106
081501
080719
080879
080133
081428
081249
040150
040244
040411
040387
040101
040250
050121
050244
050331
050136
050151
050390
090560
090424
091001
090503
080677
090984
040091
040103
040450
040023
040429
040305
080824
081275
081168
080701
080404
080984
081308
081348
050185
091052
080809
050206
090495
091025
090773
250267
090629
091250
020386
020425
020174
020048
020377
020314
050287
050101
050349
030261
090522
030322
050316
050313
050255
050007
050144
090497
060481
060039
060375
060476
060210
060095
030146
030244
030225
030369
050263
050226
091142
090414
090819
090023
090130
090889
090418
100271
101298
101192
100019
101035
100315
170017
170139
170464
170065
170457
170189
150387
150118
150443
150121
150408
150547
140259
140121
140260
140454
140253
140193
130399
130318
130074
130097
130312
130185
010220
010251
010028
010323
010435
010052
160164
160118
160343
160317
160076
160346
020155
020453
020243
020469
020326
020145
180230
180121
180371
250233
180259
180110
050057
050182
050139
050350
050425
050087
070150
070136
070304
070345
070123
070387
080339
080543
080602
080561
080267
080385
110161
110169
250311
110043
110353
110057
091199
090838
090375
090010
090768
080558
040192
040134
040463
040012
040169
040226
250181
250001
250363
250055
250226
250110
040256
040458
040428
040151
040309
040064
120191
120249
120450
120009
120250
120216
020408
020205
020308
020437
020114
020023
100297
100116
100498
101241
100032
100372
060436
060056
060271
060154
060407
060228
250218
130116
130134
130135
130123
130223
250028
250241
250029
250379
250305
250325
080721
080191
080635
080270
080417
080157
010580
010501
010360
010152
010002
010561
080198
081224
081322
080925
081279
080395
040468
040304
040001
040105
040086
040410
020289
020146
020248
020402
020433
020181
010449
010082
010164
010092
010388
010463
250334
081121
080785
080253
080851
080786
090603
090690
250394
091206
091235
091108
130322
130148
130408
130419
130472
130355
091246
090727
091218
090184
090464
081426
080437
091061
081217
090176
090330
090658
090526
091064
090162
090407
090486
090134
100732
100457
100799
100870
100458
100862
130443
130227
130381
130151
130194
130275
090509
091116
090057
091059
091110
090448
090545
090541
090119
091215
090794
080878
070165
070060
070157
070281
070137
070074
050342
050167
050164
050237
050278
080184
100908
101155
101097
100261
100746
101302
140280
140396
140557
140063
140053
140245
060385
060349
060240
060317
060251
250248
030399
030151
030021
030418
030178
030249
140044
140163
140257
140172
140033
140124
081086
080715
080613
080542
080990
081416
010132
010408
010503
010566
010038
010385
040108
040384
040131
040455
040054
040254
080346
080744
081436
080594
080949
081102
030240
030140
030181
030404
030411
030171
110173
110368
110016
110462
110397
110374
110051
110119
110165
110180
110412
110078
180225
180217
180041
180367
180029
180220
080190
080610
080081
080342
080619
081276
030402
030029
030035
030241
250406
030459
030306
030216
030294
030301
030209
030129
250177
250153
250364
250287
250291
250417
050330
050248
050149
050322
050369
050371
150024
150221
150124
150376
150479
150401
170144
170276
170091
170182
170502
170496
070158
070426
070238
070102
070069
070249
160260
160305
160515
160571
160392
160469
081216
090887
090882
090433
090922
040240
080773
081383
081506
081496
080693
091185
250009
250092
250308
250411
250332
250201
101046
100788
100141
101148
100956
100370
060280
060195
060103
060158
060229
060157
100320
100014
100063
100754
101053
101284
020103
020009
020117
020328
020167
020059
010213
010321
010521
010476
010233
010032
090864
091220
090454
090363
091135
090669
110364
110464
110265
250074
110310
110207
040078
040125
040218
040272
040174
040350
020444
020203
020188
020362
020430
020182
060219
060041
060131
060509
060286
060479
110309
110204
110421
250222
110059
110394
081022
080712
080810
080913
080372
080751
030321
030033
030057
030335
030300
030056
091237
090194
090994
090256
091075
091043
060395
060049
060291
060034
060075
060159
030001
030122
030341
030371
030446
030007
080405
081203
081295
080067
080120
080764
030445
030284
030201
030337
030085
030082
010037
010403
010284
010207
010244
010020
070042
070138
070197
070032
070064
070106
081501
080719
080879
080133
081428
081249
040150
040244
040411
040387
040101
040250
050121
050244
050331
050136
050151
050390
090560
090424
091001
090503
080677
090984
040091
040103
040450
040023
040429
040305
080824
081275
081168
080701
080404
080984
081308
081348
050185
091052
080809
050206
090495
091025
090773
250267
090629
091250
020386
020425
020174
020048
020377
020314
050287
050101
050349
030261
090522
030322
050316
050313
050255
050007
050144
090497
060481
060039
060375
060476
060210
060095
030146
030244
030225
030369
050263
050226
091142
090414
090819
090023
090130
090889
090418
100271
101298
101192
100019
101035
100315
170017
170139
170464
170065
170457
170189
150387
150118
150443
150121
150408
150547
140259
140121
140260
140454
140253
140193
130399
130318
130074
130097
130312
130185
010220
010251
010028
010323
010435
010052
160164
160118
160343
160317
160076
160346
020155
020453
020243
020469
020326
020145
180230
180121
180371
250233
180259
180110
050057
050182
050139
050350
050425
050087
070150
070136
070304
070345
070123
070387
080339
080543
080602
080561
080267
080385
110161
110169
250311
110043
110353
110057
091199
090838
090375
090010
090768
080558
040192
040134
040463
040012
040169
040226
250181
250001
250363
250055
250226
250110
040256
040458
040428
040151
040309
040064
120191
120249
120450
120009
120250
120216
020408
020205
020308
020437
020114
020023
100297
100116
100498
101241
100032
100372
060436
060056
060271
060154
060407
060228
250218
130116
130134
130135
130123
130223
250028
250241
250029
250379
250305
250325
080721
080191
080635
080270
080417
080157
010580
010501
010360
010152
010002
010561
080198
081224
081322
080925
081279
080395
040468
040304
040001
040105
040086
040410
020289
020146
020248
020402
020433
020181
010449
010082
010164
010092
010388
010463
250334
081121
080785
080253
080851
080786
090603
090690
250394
091206
091235
091108
130322
130148
130408
130419
130472
130355
091246
090727
091218
090184
090464
081426
080437
091061
081217
090176
090330
090658
090526
091064
090162
090407
090486
090134
100732
100457
100799
100870
100458
100862
130443
130227
130381
130151
130194
130275
090509
091116
090057
091059
091110
090448
090545
090541
090119
091215
090794
080878
070165
070060
070157
070281
070137
070074
050342
050167
050164
050237
050278
080184
100908
101155
101097
100261
100746
101302
140280
140396
140557
140063
140053
140245
060385
060349
060240
060317
060251
250248
030399
030151
030021
030418
030178
030249
140044
140163
140257
140172
140033
140124
081086
080715
080613
080542
080990
081416
010132
010408
010503
010566
010038
010385
040108
040384
040131
040455
040054
040254
080346
080744
081436
080594
080949
081102
030240
030140
030181
030404
030411
030171
110173
110368
110016
110462
110397
110374
110051
110119
110165
110180
110412
110078
180225
180217
180041
180367
180029
180220
080190
080610
080081
080342
080619
081276
030402
030029
030035
030241
250406
030459
030306
030216
030294
030301
030209
030129
250177
250153
250364
250287
250291
250417
050330
050248
050149
050322
050369
050371
150024
150221
150124
150376
150479
150401
170144
170276
170091
170182
170502
170496
070158
070426
070238
070102
070069
070249
160260
160305
160515
160571
160392
160469
081216
090887
090882
090433
090922
040240
080773
081383
081506
081496
080693
091185
250009
250092
250308
250411
250332
250201
101046
100788
100141
101148
100956
100370
060280
060195
060103
060158
060229
060157
100320
100014
100063
100754
101053
101284
020103
020009
020117
020328
020167
020059
010213
010321
010521
010476
010233
010032
090864
091220
090454
090363
091135
090669
110364
110464
110265
250074
110310
110207
040078
040125
040218
040272
040174
040350
020444
020203
020188
020362
020430
020182
060219
060041
060131
060509
060286
060479
110309
110204
110421
250222
110059
110394
081022
080712
080810
080913
080372
080751
030321
030033
030057
030335
030300
030056
091237
090194
090994
090256
091075
091043
060395
060049
060291
060034
060075
060159
030001
030122
030341
030371
030446
030007
080405
081203
081295
080067
080120
080764
030445
030284
030201
030337
030085
030082
010037
010403
010284
010207
010244
010020
070042
070138
070197
070032
070064
070106
081501
080719
080879
080133
081428
081249
040150
040244
040411
040387
040101
040250
050121
050244
050331
050136
050151
050390
090560
090424
091001
090503
080677
090984
040091
040103
040450
040023
040429
040305
080824
081275
081168
080701
080404
080984
081308
081348
050185
091052
080809
050206
090495
091025
090773
250267
090629
091250
020386
020425
020174
020048
020377
020314
050287
050101
050349
030261
090522
030322
050316
050313
050255
050007
050144
090497
060481
060039
060375
060476
060210
060095
030146
030244
030225
030369
050263
050226
091142
090414
090819
090023
090130
090889
090418
100271
101298
101192
100019
101035
100315
170017
170139
170464
170065
170457
170189
150387
150118
150443
150121
150408
150547
140259
140121
140260
140454
140253
140193
130399
130318
130074
130097
130312
130185
010220
010251
010028
010323
010435
010052
160164
160118
160343
160317
160076
160346
020155
020453
020243
020469
020326
020145
180230
180121
180371
250233
180259
180110
050057
050182
050139
050350
050425
050087
070150
070136
070304
070345
070123
070387
080339
080543
080602
080561
080267
080385
110161
110169
250311
110043
110353
110057
091199
090838
090375
090010
090768
080558
040192
040134
040463
040012
040169
040226
250181
250001
250363
250055
250226
250110
040256
040458
040428
040151
040309
040064
120191
120249
120450
120009
120250
120216
020408
020205
020308
020437
020114
020023
100297
100116
100498
101241
100032
100372
060436
060056
060271
060154
060407
060228
250218
130116
130134
130135
130123
130223
250028
250241
250029
250379
250305
250325
080721
080191
080635
080270
080417
080157
010580
010501
010360
010152
010002
010561
080198
081224
081322
080925
081279
080395
040468
040304
040001
040105
040086
040410
020289
020146
020248
020402
020433
020181
010449
010082
010164
010092
010388
010463
250334
081121
080785
080253
080851
080786
090603
090690
250394
091206
091235
091108
130322
130148
130408
130419
130472
130355
091246
090727
091218
090184
090464
081426
080437
091061
081217
090176
090330
090658
090526
091064
090162
090407
090486
090134
100732
100457
100799
100870
100458
100862
130443
130227
130381
130151
130194
130275
090509
091116
090057
091059
091110
090448
090545
090541
090119
091215
090794
080878
070165
070060
070157
070281
070137
070074
050342
050167
050164
050237
050278
080184
100908
101155
101097
100261
100746
101302
140280
140396
140557
140063
140053
140245
060385
060349
060240
060317
060251
250248
030399
030151
030021
030418
030178
030249
140044
140163
140257
140172
140033
140124
081086
080715
080613
080542
080990
081416
010132
010408
010503
010566
010038
010385
040108
040384
040131
040455
040054
040254
080346
080744
081436
080594
080949
081102
030240
030140
030181
030404
030411
030171
110173
110368
110016
110462
110397
110374
110051
110119
110165
110180
110412
110078
180225
180217
180041
180367
180029
180220
080190
080610
080081
080342
080619
081276
030402
030029
030035
030241
250406
030459
030306
030216
030294
030301
030209
030129
250177
250153
250364
250287
250291
250417
050330
050248
050149
050322
050369
050371
150024
150221
150124
150376
150479
150401
170144
170276
170091
170182
170502
170496
070158
070426
070238
070102
070069
070249
160260
160305
160515
160571
160392
160469
081216
090887
090882
090433
090922
040240
080773
081383
081506
081496
080693
091185
250009
250092
250308
250411
250332
250201
101046
100788
100141
101148
100956
100370
060280
060195
060103
060158
060229
060157
100320
100014
100063
100754
101053
101284
020103
020009
020117
020328
020167
020059
010213
010321
010521
010476
010233
010032
090864
091220
090454
090363
091135
090669
110364
110464
110265
250074
110310
110207
040078
040125
040218
040272
040174
040350
020444
020203
020188
020362
020430
020182
060219
060041
060131
060509
060286
060479
110309
110204
110421
250222
110059
110394
081022
080712
080810
080913
080372
080751
030321
030033
030057
030335
030300
030056
091237
090194
090994
090256
091075
091043
060395
060049
060291
060034
060075
060159
030001
030122
030341
030371
030446
030007
080405
081203
081295
080067
080120
080764
030445
030284
030201
030337
030085
030082
010037
010403
010284
010207
010244
010020
070042
070138
070197
070032
070064
070106
081501
080719
080879
080133
081428
081249
040150
040244
040411
040387
040101
040250
050121
050244
050331
050136
050151
050390
090560
090424
091001
090503
080677
090984
040091
040103
040450
040023
040429
040305
080824
081275
081168
080701
080404
080984
081308
081348
050185
091052
080809
050206
090495
091025
090773
250267
090629
091250
020386
020425
020174
020048
020377
020314
050287
050101
050349
030261
090522
030322
050316
050313
050255
050007
050144
090497
060481
060039
060375
060476
060210
060095
030146
030244
030225
030369
050263
050226
091142
090414
090819
090023
090130
090889
090418
100271
101298
101192
100019
101035
100315
170017
170139
170464
170065
170457
170189
150387
150118
150443
150121
150408
150547
140259
140121
140260
140454
140253
140193
130399
130318
130074
130097
130312
130185
010220
010251
010028
010323
010435
010052
160164
160118
160343
160317
160076
160346
020155
020453
020243
020469
020326
020145
180230
180121
180371
250233
180259
180110
050057
050182
050139
050350
050425
050087
070150
070136
070304
070345
070123
070387
080339
080543
080602
080561
080267
080385
110161
110169
250311
110043
110353
110057
091199
090838
090375
090010
090768
080558
040192
040134
040463
040012
040169
040226
250181
250001
250363
250055
250226
250110
040256
040458
040428
040151
040309
040064
120191
120249
120450
120009
120250
120216
020408
020205
020308
020437
020114
020023
100297
100116
100498
101241
100032
100372
060436
060056
060271
060154
060407
060228
250218
130116
130134
130135
130123
130223
250028
250241
250029
250379
250305
250325
080721
080191
080635
080270
080417
080157
010580
010501
010360
010152
010002
010561
080198
081224
081322
080925
081279
080395
040468
040304
040001
040105
040086
040410
020289
020146
020248
020402
020433
020181
010449
010082
010164
010092
010388
010463
250334
081121
080785
080253
080851
080786
090603
090690
250394
091206
091235
091108
130322
130148
130408
130419
130472
130355
091246
090727
091218
090184
090464
081426
080437
091061
081217
090176
090330
090658
090526
091064
090162
090407
090486
090134
100732
100457
100799
100870
100458
100862
130443
130227
130381
130151
130194
130275
090509
091116
090057
091059
091110
090448
090545
090541
090119
091215
090794
080878
070165
070060
070157
070281
070137
070074
050342
050167
050164
050237
050278
080184
100908
101155
101097
100261
100746
101302
140280
140396
140557
140063
140053
140245
060385
060349
060240
060317
060251
250248
030399
030151
030021
030418
030178
030249
140044
140163
140257
140172
140033
140124
081086
080715
080613
080542
080990
081416
010132
010408
010503
010566
010038
010385
040108
040384
040131
040455
040054
040254
080346
080744
081436
080594
080949
081102
030240
030140
030181
030404
030411
030171
110173
110368
110016
110462
110397
110374
110051
110119
110165
110180
110412
110078
180225
180217
180041
180367
180029
180220
080190
080610
080081
080342
080619
081276
030402
030029
030035
030241
250406
030459
030306
030216
030294
030301
030209
030129
250177
250153
250364
250287
250291
250417
050330
050248
050149
050322
050369
050371
150024
150221
150124
150376
150479
150401
170144
170276
170091
170182
170502
170496
070158
070426
070238
070102
070069
070249
160260
160305
160515
160571
160392
160469
081216
090887
090882
090433
090922
040240
080773
081383
081506
081496
080693
091185
250009
250092
250308
250411
250332
250201
101046
100788
100141
101148
100956
100370
060280
060195
060103
060158
060229
060157
100320
100014
100063
100754
101053
101284
020103
020009
020117
020328
020167
020059
010213
010321
010521
010476
010233
010032
090864
091220
090454
090363
091135
090669
110364
110464
110265
250074
110310
110207
040078
040125
040218
040272
040174
040350
020444
020203
020188
020362
020430
020182
060219
060041
060131
060509
060286
060479
110309
110204
110421
250222
110059
110394
081022
080712
080810
080913
080372
080751
030321
030033
030057
030335
030300
030056
091237
090194
090994
090256
091075
091043
060395
060049
060291
060034
060075
060159
030001
030122
030341
030371
030446
030007
080405
081203
081295
080067
080120
080764
030445
030284
030201
030337
030085
030082
010037
010403
010284
010207
010244
010020
070042
070138
070197
070032
070064
070106
081501
080719
080879
080133
081428
081249
040150
040244
040411
040387
040101
040250
050121
050244
050331
050136
050151
050390
090560
090424
091001
090503
080677
090984
040091
040103
040450
040023
040429
040305
080824
081275
081168
080701
080404
080984
081308
081348
050185
091052
080809
050206
090495
091025
090773
250267
090629
091250
020386
020425
020174
020048
020377
020314
050287
050101
050349
030261
090522
030322
050316
050313
050255
050007
050144
090497
060481
060039
060375
060476
060210
060095
030146
030244
030225
030369
050263
050226
091142
090414
090819
090023
090130
090889
090418
100271
101298
101192
100019
101035
100315
170017
170139
170464
170065
170457
170189
150387
150118
150443
150121
150408
150547
140259
140121
140260
140454
140253
140193
130399
130318
130074
130097
130312
130185
010220
010251
010028
010323
010435
010052
160164
160118
160343
160317
160076
160346
020155
020453
020243
020469
020326
020145
180230
180121
180371
250233
180259
180110
050057
050182
050139
050350
050425
050087
070150
070136
070304
070345
070123
070387
080339
080543
080602
080561
080267
080385
110161
110169
250311
110043
110353
110057
091199
090838
090375
090010
090768
080558
040192
040134
040463
040012
040169
040226
250181
250001
250363
250055
250226
250110
040256
040458
040428
040151
040309
040064
120191
120249
120450
120009
120250
120216
020408
020205
020308
020437
020114
020023
100297
100116
100498
101241
100032
100372
060436
060056
060271
060154
060407
060228
250218
130116
130134
130135
130123
130223
250028
250241
250029
250379
250305
250325
080721
080191
080635
080270
080417
080157
010580
010501
010360
010152
010002
010561
080198
081224
081322
080925
081279
080395
040468
040304
040001
040105
040086
040410
020289
020146
020248
020402
020433
020181
010449
010082
010164
010092
010388
010463
250334
081121
080785
080253
080851
080786
090603
090690
250394
091206
091235
091108
130322
130148
130408
130419
130472
130355
091246
090727
091218
090184
090464
081426
080437
091061
081217
090176
090330
090658
090526
091064
090162
090407
090486
090134
100732
100457
100799
100870
100458
100862
130443
130227
130381
130151
130194
130275
090509
091116
090057
091059
091110
090448
090545
090541
090119
091215
090794
080878
070165
070060
070157
070281
070137
070074
050342
050167
050164
050237
050278
080184
100908
101155
101097
100261
100746
101302
140280
140396
140557
140063
140053
140245
060385
060349
060240
060317
060251
250248
030399
030151
030021
030418
030178
030249
140044
140163
140257
140172
140033
140124
081086
080715
080613
080542
080990
081416
010132
010408
010503
010566
010038
010385
040108
040384
040131
040455
040054
040254
080346
080744
081436
080594
080949
081102
030240
030140
030181
030404
030411
030171
110173
110368
110016
110462
110397
110374
110051
110119
110165
110180
110412
110078
180225
180217
180041
180367
180029
180220
080190
080610
080081
080342
080619
081276
030402
030029
030035
030241
250406
030459
030306
030216
030294
030301
030209
030129
250177
250153
250364
250287
250291
250417
050330
050248
050149
050322
050369
050371
150024
150221
150124
150376
150479
150401
170144
170276
170091
170182
170502
170496
070158
070426
070238
070102
070069
070249
160260
160305
160515
160571
160392
160469
081216
090887
090882
090433
090922
040240
080773
081383
081506
081496
080693
091185
250009
250092
250308
250411
250332
250201
101046
100788
100141
101148
100956
100370
060280
060195
060103
060158
060229
060157
100320
100014
100063
100754
101053
101284
020103
020009
020117
020328
020167
020059
010213
010321
010521
010476
010233
010032
090864
091220
090454
090363
091135
090669
110364
110464
110265
250074
110310
110207
040078
040125
040218
040272
040174
040350
020444
020203
020188
020362
020430
020182
060219
060041
060131
060509
060286
060479
110309
110204
110421
250222
110059
110394
081022
080712
080810
080913
080372
080751
030321
030033
030057
030335
030300
030056
091237
090194
090994
090256
091075
091043
060395
060049
060291
060034
060075
060159
030001
030122
030341
030371
030446
030007
080405
081203
081295
080067
080120
080764
030445
030284
030201
030337
030085
030082
010037
010403
010284
010207
010244
010020
070042
070138
070197
070032
070064
070106
081501
080719
080879
080133
081428
081249
040150
040244
040411
040387
040101
040250
050121
050244
050331
050136
050151
050390
090560
090424
091001
090503
080677
090984
040091
040103
040450
040023
040429
040305
080824
081275
081168
080701
080404
080984
081308
081348
050185
091052
080809
050206
090495
091025
090773
250267
090629
091250
020386
020425
020174
020048
020377
020314
050287
050101
050349
030261
090522
030322
050316
050313
050255
050007
050144
090497
060481
060039
060375
060476
060210
060095
030146
030244
030225
030369
050263
050226
091142
090414
090819
090023
090130
090889
090418
100271
101298
101192
100019
101035
100315
170017
170139
170464
170065
170457
170189
150387
150118
150443
150121
150408
150547
140259
140121
140260
140454
140253
140193
130399
130318
130074
130097
130312
130185
010220
010251
010028
010323
010435
010052
160164
160118
160343
160317
160076
160346
020155
020453
020243
020469
020326
020145
180230
180121
180371
250233
180259
180110
050057
050182
050139
050350
050425
050087
070150
070136
070304
070345
070123
070387
080339
080543
080602
080561
080267
080385
110161
110169
250311
110043
110353
110057
091199
090838
090375
090010
090768
080558
040192
040134
040463
040012
040169
040226
250181
250001
250363
250055
250226
250110
040256
040458
040428
040151
040309
040064
120191
120249
120450
120009
120250
120216
020408
020205
020308
020437
020114
020023
100297
100116
100498
101241
100032
100372
060436
060056
060271
060154
060407
060228
250218
130116
130134
130135
130123
130223
250028
250241
250029
250379
250305
250325
080721
080191
080635
080270
080417
080157
010580
010501
010360
010152
010002
010561
080198
081224
081322
080925
081279
080395
040468
040304
040001
040105
040086
040410
020289
020146
020248
020402
020433
020181
010449
010082
010164
010092
010388
010463
250334
081121
080785
080253
080851
080786
090603
090690
250394
091206
091235
091108
130322
130148
130408
130419
130472
130355
091246
090727
091218
090184
090464
081426
080437
091061
081217
090176
090330
090658
090526
091064
090162
090407
090486
090134
100732
100457
100799
100870
100458
100862
130443
130227
130381
130151
130194
130275
090509
091116
090057
091059
091110
090448
090545
090541
090119
091215
090794
080878
070165
070060
070157
070281
070137
070074
050342
050167
050164
050237
050278
080184
100908
101155
101097
100261
100746
101302
140280
140396
140557
140063
140053
140245
060385
060349
060240
060317
060251
250248
030399
030151
030021
030418
030178
030249
140044
140163
140257
140172
140033
140124
081086
080715
080613
080542
080990
081416
010132
010408
010503
010566
010038
010385
040108
040384
040131
040455
040054
040254
080346
080744
081436
080594
080949
081102
030240
030140
030181
030404
030411
030171
110173
110368
110016
110462
110397
110374
110051
110119
110165
110180
110412
110078
180225
180217
180041
180367
180029
180220
080190
080610
080081
080342
080619
081276
030402
030029
030035
030241
250406
030459
030306
030216
030294
030301
030209
030129
250177
250153
250364
250287
250291
250417
050330
050248
050149
050322
050369
050371
150024
150221
150124
150376
150479
150401
170144
170276
170091
170182
170502
170496
070158
070426
070238
070102
070069
070249
160260
160305
160515
160571
160392
160469
081216
090887
090882
090433
090922
040240
080773
081383
081506
081496
080693
091185
250009
250092
250308
250411
250332
250201
101046
100788
100141
101148
100956
100370
060280
060195
060103
060158
060229
060157
100320
100014
100063
100754
101053
101284
020103
020009
020117
020328
020167
020059
010213
010321
010521
010476
010233
010032
090864
091220
090454
090363
091135
090669
110364
110464
110265
250074
110310
110207
040078
040125
040218
040272
040174
040350
020444
020203
020188
020362
020430
020182
060219
060041
060131
060509
060286
060479
110309
110204
110421
250222
110059
110394
081022
080712
080810
080913
080372
080751
030321
030033
030057
030335
030300
030056
091237
090194
090994
090256
091075
091043
060395
060049
060291
060034
060075
060159
030001
030122
030341
030371
030446
030007
080405
081203
081295
080067
080120
080764
030445
030284
030201
030337
030085
030082
010037
010403
010284
010207
010244
010020
070042
070138
070197
070032
070064
070106
081501
080719
080879
080133
081428
081249
040150
040244
040411
040387
040101
040250
050121
050244
050331
050136
050151
050390
090560
090424
091001
090503
080677
090984
040091
040103
040450
040023
040429
040305
080824
081275
081168
080701
080404
080984
081308
081348
050185
091052
080809
050206
090495
091025
090773
250267
090629
091250
020386
020425
020174
020048
020377
020314
050287
050101
050349
030261
090522
030322
050316
050313
050255
050007
050144
090497
060481
060039
060375
060476
060210
060095
030146
030244
030225
030369
050263
050226
091142
090414
090819
090023
090130
090889
090418
100271
101298
101192
100019
101035
100315
170017
170139
170464
170065
170457
170189
150387
150118
150443
150121
150408
150547
140259
140121
140260
140454
140253
140193
130399
130318
130074
130097
130312
130185
010220
010251
010028
010323
010435
010052
160164
160118
160343
160317
160076
160346
020155
020453
020243
020469
020326
020145
180230
180121
180371
250233
180259
180110
050057
050182
050139
050350
050425
050087
070150
070136
070304
070345
070123
070387
080339
080543
080602
080561
080267
080385
110161
110169
250311
110043
110353
110057
091199
090838
090375
090010
090768
080558
040192
040134
040463
040012
040169
040226
250181
250001
250363
250055
250226
250110
040256
040458
040428
040151
040309
040064
120191
120249
120450
120009
120250
120216
020408
020205
020308
020437
020114
020023
100297
100116
100498
101241
100032
100372
060436
060056
060271
060154
060407
060228
250218
130116
130134
130135
130123
130223
250028
250241
250029
250379
250305
250325
080721
080191
080635
080270
080417
080157
010580
010501
010360
010152
010002
010561
080198
081224
081322
080925
081279
080395
040468
040304
040001
040105
040086
040410
020289
020146
020248
020402
020433
020181
010449
010082
010164
010092
010388
010463
250334
081121
080785
080253
080851
080786
090603
090690
250394
091206
091235
091108
130322
130148
130408
130419
130472
130355
091246
090727
091218
090184
090464
081426
080437
091061
081217
090176
090330
090658
090526
091064
090162
090407
090486
090134
100732
100457
100799
100870
100458
100862
130443
130227
130381
130151
130194
130275
090509
091116
090057
091059
091110
090448
090545
090541
090119
091215
090794
080878
070165
070060
070157
070281
070137
070074
050342
050167
050164
050237
050278
080184
100908
101155
101097
100261
100746
101302
140280
140396
140557
140063
140053
140245
060385
060349
060240
060317
060251
250248
030399
030151
030021
030418
030178
030249
140044
140163
140257
140172
140033
140124
081086
080715
080613
080542
080990
081416
010132
010408
010503
010566
010038
010385
040108
040384
040131
040455
040054
040254
080346
080744
081436
080594
080949
081102
030240
030140
030181
030404
030411
030171
110173
110368
110016
110462
110397
110374
110051
110119
110165
110180
110412
110078
180225
180217
180041
180367
180029
180220
080190
080610
080081
080342
080619
081276
030402
030029
030035
030241
250406
030459
030306
030216
030294
030301
030209
030129
250177
250153
250364
250287
250291
250417
050330
050248
050149
050322
050369
050371
150024
150221
150124
150376
150479
150401
170144
170276
170091
170182
170502
170496
070158
070426
070238
070102
070069
070249
160260
160305
160515
160571
160392
160469
081216
090887
090882
090433
090922
040240
080773
081383
081506
081496
080693
091185
250009
250092
250308
250411
250332
250201
101046
100788
100141
101148
100956
100370
060280
060195
060103
060158
060229
060157
100320
100014
100063
100754
101053
101284
020103
020009
020117
020328
020167
020059
010213
010321
010521
010476
010233
010032
090864
091220
090454
090363
091135
090669
110364
110464
110265
250074
110310
110207
040078
040125
040218
040272
040174
040350
020444
020203
020188
020362
020430
020182
060219
060041
060131
060509
060286
060479
110309
110204
110421
250222
110059
110394
081022
080712
080810
080913
080372
080751
030321
030033
030057
030335
030300
030056
091237
090194
090994
090256
091075
091043
060395
060049
060291
060034
060075
060159
030001
030122
030341
030371
030446
030007
080405
081203
081295
080067
080120
080764
030445
030284
030201
030337
030085
030082
010037
010403
010284
010207
010244
010020
070042
070138
070197
070032
070064
070106
081501
080719
080879
080133
081428
081249
040150
040244
040411
040387
040101
040250
050121
050244
050331
050136
050151
050390
090560
090424
091001
090503
080677
090984
040091
040103
040450
040023
040429
040305
080824
081275
081168
080701
080404
080984
081308
081348
050185
091052
080809
050206
090495
091025
090773
250267
090629
091250
020386
020425
020174
020048
020377
020314
050287
050101
050349
030261
090522
030322
050316
050313
050255
050007
050144
090497
060481
060039
060375
060476
060210
060095
030146
030244
030225
030369
050263
050226
091142
090414
090819
090023
090130
090889
090418
100271
101298
101192
100019
101035
100315
170017
170139
170464
170065
170457
170189
150387
150118
150443
150121
150408
150547
140259
140121
140260
140454
140253
140193
130399
130318
130074
130097
130312
130185
010220
010251
010028
010323
010435
010052
160164
160118
160343
160317
160076
160346
020155
020453
020243
020469
020326
020145
180230
180121
180371
250233
180259
180110
050057
050182
050139
050350
050425
050087
070150
070136
070304
070345
070123
070387
080339
080543
080602
080561
080267
080385
110161
110169
250311
110043
110353
110057
091199
090838
090375
090010
090768
080558
040192
040134
040463
040012
040169
040226
250181
250001
250363
250055
250226
250110
040256
040458
040428
040151
040309
040064
120191
120249
120450
120009
120250
120216
020408
020205
020308
020437
020114
020023
100297
100116
100498
101241
100032
100372
060436
060056
060271
060154
060407
060228
250218
130116
130134
130135
130123
130223
250028
250241
250029
250379
250305
250325
080721
080191
080635
080270
080417
080157
010580
010501
010360
010152
010002
010561
080198
081224
081322
080925
081279
080395
040468
040304
040001
040105
040086
040410
020289
020146
020248
020402
020433
020181
010449
010082
010164
010092
010388
010463
250334
081121
080785
080253
080851
080786
090603
090690
250394
091206
091235
091108
130322
130148
130408
130419
130472
130355
091246
090727
091218
090184
090464
081426
080437
091061
081217
090176
090330
090658
090526
091064
090162
090407
090486
090134
100732
100457
100799
100870
100458
100862
130443
130227
130381
130151
130194
130275
090509
091116
090057
091059
091110
090448
090545
090541
090119
091215
090794
080878
070165
070060
070157
070281
070137
070074
050342
050167
050164
050237
050278
080184
100908
101155
101097
100261
100746
101302
140280
140396
140557
140063
140053
140245
060385
060349
060240
060317
060251
250248
030399
030151
030021
030418
030178
030249
140044
140163
140257
140172
140033
140124
081086
080715
080613
080542
080990
081416
010132
010408
010503
010566
010038
010385
040108
040384
040131
040455
040054
040254
080346
080744
081436
080594
080949
081102
030240
030140
030181
030404
030411
030171
110173
110368
110016
110462
110397
110374
110051
110119
110165
110180
110412
110078
180225
180217
180041
180367
180029
180220
080190
080610
080081
080342
080619
081276
030402
030029
030035
030241
250406
030459
030306
030216
030294
030301
030209
030129
250177
250153
250364
250287
250291
250417
050330
050248
050149
050322
050369
050371
150024
150221
150124
150376
150479
150401
170144
170276
170091
170182
170502
170496
070158
070426
070238
070102
070069
070249
160260
160305
160515
160571
160392
160469
081216
090887
090882
090433
090922
040240
080773
081383
081506
081496
080693
091185
250009
250092
250308
250411
250332
250201
101046
100788
100141
101148
100956
100370
060280
060195
060103
060158
060229
060157
100320
100014
100063
100754
101053
101284
020103
020009
020117
020328
020167
020059
010213
010321
010521
010476
010233
010032
090864
091220
090454
090363
091135
090669
110364
110464
110265
250074
110310
110207
040078
040125
040218
040272
040174
040350
020444
020203
020188
020362
020430
020182
060219
060041
060131
060509
060286
060479
110309
110204
110421
250222
110059
110394
081022
080712
080810
080913
080372
080751
030321
030033
030057
030335
030300
030056
091237
090194
090994
090256
091075
091043
060395
060049
060291
060034
060075
060159
030001
030122
030341
030371
030446
030007
080405
081203
081295
080067
080120
080764
030445
030284
030201
030337
030085
030082
010037
010403
010284
010207
010244
010020
070042
070138
070197
070032
070064
070106
081501
080719
080879
080133
081428
081249
040150
040244
040411
040387
040101
040250
050121
050244
050331
050136
050151
050390
090560
090424
091001
090503
080677
090984
040091
040103
040450
040023
040429
040305
080824
081275
081168
080701
080404
080984
081308
081348
050185
091052
080809
050206
090495
091025
090773
250267
090629
091250
020386
020425
020174
020048
020377
020314
050287
050101
050349
030261
090522
030322
050316
050313
050255
050007
050144
090497
060481
060039
060375
060476
060210
060095
030146
030244
030225
030369
050263
050226
091142
090414
090819
090023
090130
090889
090418
100271
101298
101192
100019
101035
100315
170017
170139
170464
170065
170457
170189
150387
150118
150443
150121
150408
150547
140259
140121
140260
140454
140253
140193
130399
130318
130074
130097
130312
130185
010220
010251
010028
010323
010435
010052
160164
160118
160343
160317
160076
160346
020155
020453
020243
020469
020326
020145
180230
180121
180371
250233
180259
180110
050057
050182
050139
050350
050425
050087
070150
070136
070304
070345
070123
070387
080339
080543
080602
080561
080267
080385
110161
110169
250311
110043
110353
110057
091199
090838
090375
090010
090768
080558
040192
040134
040463
040012
040169
040226
250181
250001
250363
250055
250226
250110
040256
040458
040428
040151
040309
040064
120191
120249
120450
120009
120250
120216
020408
020205
020308
020437
020114
020023
100297
100116
100498
101241
100032
100372
060436
060056
060271
060154
060407
060228
250218
130116
130134
130135
130123
130223
250028
250241
250029
250379
250305
250325
080721
080191
080635
080270
080417
080157
010580
010501
010360
010152
010002
010561
080198
081224
081322
080925
081279
080395
040468
040304
040001
040105
040086
040410
020289
020146
020248
020402
020433
020181
010449
010082
010164
010092
010388
010463
250334
081121
080785
080253
080851
080786
090603
090690
250394
091206
091235
091108
130322
130148
130408
130419
130472
130355
091246
090727
091218
090184
090464
081426
080437
091061
081217
090176
090330
090658
090526
091064
090162
090407
090486
090134
100732
100457
100799
100870
100458
100862
130443
130227
130381
130151
130194
130275
090509
091116
090057
091059
091110
090448
090545
090541
090119
091215
090794
080878
070165
070060
070157
070281
070137
070074
050342
050167
050164
050237
050278
080184
100908
101155
101097
100261
100746
101302
140280
140396
140557
140063
140053
140245
060385
060349
060240
060317
060251
250248
030399
030151
030021
030418
030178
030249
140044
140163
140257
140172
140033
140124
081086
080715
080613
080542
080990
081416
010132
010408
010503
010566
010038
010385
040108
040384
040131
040455
040054
040254
080346
080744
081436
080594
080949
081102
030240
030140
030181
030404
030411
030171
110173
110368
110016
110462
110397
110374
110051
110119
110165
110180
110412
110078
180225
180217
180041
180367
180029
180220
080190
080610
080081
080342
080619
081276
030402
030029
030035
030241
250406
030459
030306
030216
030294
030301
030209
030129
250177
250153
250364
250287
250291
250417
050330
050248
050149
050322
050369
050371
150024
150221
150124
150376
150479
150401
170144
170276
170091
170182
170502
170496
070158
070426
070238
070102
070069
070249
160260
160305
160515
160571
160392
160469
081216
090887
090882
090433
090922
040240
080773
081383
081506
081496
080693
091185
250009
250092
250308
250411
250332
250201
101046
100788
100141
101148
100956
100370
060280
060195
060103
060158
060229
060157
100320
100014
100063
100754
101053
101284
020103
020009
020117
020328
020167
020059
010213
010321
010521
010476
010233
010032
090864
091220
090454
090363
091135
090669
110364
110464
110265
250074
110310
110207
040078
040125
040218
040272
040174
040350
020444
020203
020188
020362
020430
020182
060219
060041
060131
060509
060286
060479
110309
110204
110421
250222
110059
110394
081022
080712
080810
080913
080372
080751
030321
030033
030057
030335
030300
030056
091237
090194
090994
090256
091075
091043
060395
060049
060291
060034
060075
060159
030001
030122
030341
030371
030446
030007
080405
081203
081295
080067
080120
080764
030445
030284
030201
030337
030085
030082
010037
010403
010284
010207
010244
010020
070042
070138
070197
070032
070064
070106
081501
080719
080879
080133
081428
081249
040150
040244
040411
040387
040101
040250
050121
050244
050331
050136
050151
050390
090560
090424
091001
090503
080677
090984
040091
040103
040450
040023
040429
040305
080824
081275
081168
080701
080404
080984
081308
081348
050185
091052
080809
050206
090495
091025
090773
250267
090629
091250
020386
020425
020174
020048
020377
020314
050287
050101
050349
030261
090522
030322
050316
050313
050255
050007
050144
090497
060481
060039
060375
060476
060210
060095
030146
030244
030225
030369
050263
050226
091142
090414
090819
090023
090130
090889
090418
100271
101298
101192
100019
101035
100315
170017
170139
170464
170065
170457
170189
150387
150118
150443
150121
150408
150547
140259
140121
140260
140454
140253
140193
130399
130318
130074
130097
130312
130185
010220
010251
010028
010323
010435
010052
160164
160118
160343
160317
160076
160346
020155
020453
020243
020469
020326
020145
180230
180121
180371
250233
180259
180110
050057
050182
050139
050350
050425
050087
070150
070136
070304
070345
070123
070387
080339
080543
080602
080561
080267
080385
110161
110169
250311
110043
110353
110057
091199
090838
090375
090010
090768
080558
040192
040134
040463
040012
040169
040226
250181
250001
250363
250055
250226
250110
040256
040458
040428
040151
040309
040064
120191
120249
120450
120009
120250
120216
020408
020205
020308
020437
020114
020023
100297
100116
100498
101241
100032
100372
060436
060056
060271
060154
060407
060228
250218
130116
130134
130135
130123
130223
250028
250241
250029
250379
250305
250325
080721
080191
080635
080270
080417
080157
010580
010501
010360
010152
010002
010561
080198
081224
081322
080925
081279
080395
040468
040304
040001
040105
040086
040410
020289
020146
020248
020402
020433
020181
010449
010082
010164
010092
010388
010463
250334
081121
080785
080253
080851
080786
090603
090690
250394
091206
091235
091108
130322
130148
130408
130419
130472
130355
091246
090727
091218
090184
090464
081426
080437
091061
081217
090176
090330
090658
090526
091064
090162
090407
090486
090134
100732
100457
100799
100870
100458
100862
130443
130227
130381
130151
130194
130275
090509
091116
090057
091059
091110
090448
090545
090541
090119
091215
090794
080878
070165
070060
070157
070281
070137
070074
050342
050167
050164
050237
050278
080184
100908
101155
101097
100261
100746
101302
140280
140396
140557
140063
140053
140245
060385
060349
060240
060317
060251
250248
030399
030151
030021
030418
030178
030249
140044
140163
140257
140172
140033
140124
081086
080715
080613
080542
080990
081416
010132
010408
010503
010566
010038
010385
040108
040384
040131
040455
040054
040254
080346
080744
081436
080594
080949
081102
030240
030140
030181
030404
030411
030171
110173
110368
110016
110462
110397
110374
110051
110119
110165
110180
110412
110078
180225
180217
180041
180367
180029
180220
080190
080610
080081
080342
080619
081276
030402
030029
030035
030241
250406
030459
030306
030216
030294
030301
030209
030129
250177
250153
250364
250287
250291
250417
050330
050248
050149
050322
050369
050371
150024
150221
150124
150376
150479
150401
170144
170276
170091
170182
170502
170496
070158
070426
070238
070102
070069
070249
160260
160305
160515
160571
160392
160469
081216
090887
090882
090433
090922
040240
080773
081383
081506
081496
080693
091185
250009
250092
250308
250411
250332
250201
101046
100788
100141
101148
100956
100370
060280
060195
060103
060158
060229
060157
100320
100014
100063
100754
101053
101284
020103
020009
020117
020328
020167
020059
010213
010321
010521
010476
010233
010032
090864
091220
090454
090363
091135
090669
110364
110464
110265
250074
110310
110207
040078
040125
040218
040272
040174
040350
020444
020203
020188
020362
020430
020182
060219
060041
060131
060509
060286
060479
110309
110204
110421
250222
110059
110394
081022
080712
080810
080913
080372
080751
030321
030033
030057
030335
030300
030056
091237
090194
090994
090256
091075
091043
060395
060049
060291
060034
060075
060159
030001
030122
030341
030371
030446
030007
080405
081203
081295
080067
080120
080764
030445
030284
030201
030337
030085
030082
010037
010403
010284
010207
010244
010020
070042
070138
070197
070032
070064
070106
081501
080719
080879
080133
081428
081249
040150
040244
040411
040387
040101
040250
050121
050244
050331
050136
050151
050390
090560
090424
091001
090503
080677
090984
040091
040103
040450
040023
040429
040305
080824
081275
081168
080701
080404
080984
081308
081348
050185
091052
080809
050206
090495
091025
090773
250267
090629
091250
020386
020425
020174
020048
020377
020314
050287
050101
050349
030261
090522
030322
050316
050313
050255
050007
050144
090497
060481
060039
060375
060476
060210
060095
030146
030244
030225
030369
050263
050226
091142
090414
090819
090023
090130
090889
090418
100271
101298
101192
100019
101035
100315
170017
170139
170464
170065
170457
170189
150387
150118
150443
150121
150408
150547
140259
140121
140260
140454
140253
140193
130399
130318
130074
130097
130312
130185
010220
010251
010028
010323
010435
010052
160164
160118
160343
160317
160076
160346
020155
020453
020243
020469
020326
020145
180230
180121
180371
250233
180259
180110
050057
050182
050139
050350
050425
050087
070150
070136
070304
070345
070123
070387
080339
080543
080602
080561
080267
080385
110161
110169
250311
110043
110353
110057
091199
090838
090375
090010
090768
080558
040192
040134
040463
040012
040169
040226
250181
250001
250363
250055
250226
250110
040256
040458
040428
040151
040309
040064
120191
120249
120450
120009
120250
120216
020408
020205
020308
020437
020114
020023
100297
100116
100498
101241
100032
100372
060436
060056
060271
060154
060407
060228
250218
130116
130134
130135
130123
130223
250028
250241
250029
250379
250305
250325
080721
080191
080635
080270
080417
080157
010580
010501
010360
010152
010002
010561
080198
081224
081322
080925
081279
080395
040468
040304
040001
040105
040086
040410
020289
020146
020248
020402
020433
020181
010449
010082
010164
010092
010388
010463
250334
081121
080785
080253
080851
080786
090603
090690
250394
091206
091235
091108
130322
130148
130408
130419
130472
130355
091246
090727
091218
090184
090464
081426
080437
091061
081217
090176
090330
090658
090526
091064
090162
090407
090486
090134
100732
100457
100799
100870
100458
100862
130443
130227
130381
130151
130194
130275
090509
091116
090057
091059
091110
090448
090545
090541
090119
091215
090794
080878
070165
070060
070157
070281
070137
070074
050342
050167
050164
050237
050278
080184
100908
101155
101097
100261
100746
101302
140280
140396
140557
140063
140053
140245
060385
060349
060240
060317
060251
250248
030399
030151
030021
030418
030178
030249
140044
140163
140257
140172
140033
140124
081086
080715
080613
080542
080990
081416
010132
010408
010503
010566
010038
010385
040108
040384
040131
040455
040054
040254
080346
080744
081436
080594
080949
081102
030240
030140
030181
030404
030411
030171
110173
110368
110016
110462
110397
110374
110051
110119
110165
110180
110412
110078
180225
180217
180041
180367
180029
180220
080190
080610
080081
080342
080619
081276
030402
030029
030035
030241
250406
030459
030306
030216
030294
030301
030209
030129
250177
250153
250364
250287
250291
250417
050330
050248
050149
050322
050369
050371
150024
150221
150124
150376
150479
150401
170144
170276
170091
170182
170502
170496
070158
070426
070238
070102
070069
070249
160260
160305
160515
160571
160392
160469
081216
090887
090882
090433
090922
040240
080773
081383
081506
081496
080693
091185
250009
250092
250308
250411
250332
250201
101046
100788
100141
101148
100956
100370
060280
060195
060103
060158
060229
060157
100320
100014
100063
100754
101053
101284
020103
020009
020117
020328
020167
020059
010213
010321
010521
010476
010233
010032
090864
091220
090454
090363
091135
090669
110364
110464
110265
250074
110310
110207
040078
040125
040218
040272
040174
040350
020444
020203
020188
020362
020430
020182
060219
060041
060131
060509
060286
060479
110309
110204
110421
250222
110059
110394
081022
080712
080810
080913
080372
080751
030321
030033
030057
030335
030300
030056
091237
090194
090994
090256
091075
091043
060395
060049
060291
060034
060075
060159
030001
030122
030341
030371
030446
030007
080405
081203
081295
080067
080120
080764
030445
030284
030201
030337
030085
030082
010037
010403
010284
010207
010244
010020
070042
070138
070197
070032
070064
070106
081501
080719
080879
080133
081428
081249
040150
040244
040411
040387
040101
040250
050121
050244
050331
050136
050151
050390
090560
090424
091001
090503
080677
090984
040091
040103
040450
040023
040429
040305
080824
081275
081168
080701
080404
080984
081308
081348
050185
091052
080809
050206
090495
091025
090773
250267
090629
091250
020386
020425
020174
020048
020377
020314
050287
050101
050349
030261
090522
030322
050316
050313
050255
050007
050144
090497
060481
060039
060375
060476
060210
060095
030146
030244
030225
030369
050263
050226
091142
090414
090819
090023
090130
090889
090418
100271
101298
101192
100019
101035
100315
170017
170139
170464
170065
170457
170189
150387
150118
150443
150121
150408
150547
140259
140121
140260
140454
140253
140193
130399
130318
130074
130097
130312
130185
010220
010251
010028
010323
010435
010052
160164
160118
160343
160317
160076
160346
020155
020453
020243
020469
020326
020145
180230
180121
180371
250233
180259
180110
050057
050182
050139
050350
050425
050087
070150
070136
070304
070345
070123
070387
080339
080543
080602
080561
080267
080385
110161
110169
250311
110043
110353
110057
091199
090838
090375
090010
090768
080558
040192
040134
040463
040012
040169
040226
250181
250001
250363
250055
250226
250110
040256
040458
040428
040151
040309
040064
120191
120249
120450
120009
120250
120216
020408
020205
020308
020437
020114
020023
100297
100116
100498
101241
100032
100372
060436
060056
060271
060154
060407
060228
250218
130116
130134
130135
130123
130223
250028
250241
250029
250379
250305
250325
080721
080191
080635
080270
080417
080157
010580
010501
010360
010152
010002
010561
080198
081224
081322
080925
081279
080395
040468
040304
040001
040105
040086
040410
020289
020146
020248
020402
020433
020181
010449
010082
010164
010092
010388
010463
250334
081121
080785
080253
080851
080786
090603
090690
250394
091206
091235
091108
130322
130148
130408
130419
130472
130355
091246
090727
091218
090184
090464
081426
080437
091061
081217
090176
090330
090658
090526
091064
090162
090407
090486
090134
100732
100457
100799
100870
100458
100862
130443
130227
130381
130151
130194
130275
090509
091116
090057
091059
091110
090448
090545
090541
090119
091215
090794
080878
070165
070060
070157
070281
070137
070074
050342
050167
050164
050237
050278
080184
100908
101155
101097
100261
100746
101302
140280
140396
140557
140063
140053
140245
060385
060349
060240
060317
060251
250248
030399
030151
030021
030418
030178
030249
140044
140163
140257
140172
140033
140124
081086
080715
080613
080542
080990
081416
010132
010408
010503
010566
010038
010385
040108
040384
040131
040455
040054
040254
080346
080744
081436
080594
080949
081102
030240
030140
030181
030404
030411
030171
110173
110368
110016
110462
110397
110374
110051
110119
110165
110180
110412
110078
180225
180217
180041
180367
180029
180220
080190
080610
080081
080342
080619
081276
030402
030029
030035
030241
250406
030459
030306
030216
030294
030301
030209
030129
250177
250153
250364
250287
250291
250417
050330
050248
050149
050322
050369
050371
150024
150221
150124
150376
150479
150401
170144
170276
170091
170182
170502
170496
070158
070426
070238
070102
070069
070249
160260
160305
160515
160571
160392
160469
081216
090887
090882
090433
090922
040240
080773
081383
081506
081496
080693
091185
250009
250092
250308
250411
250332
250201
101046
100788
100141
101148
100956
100370
060280
060195
060103
060158
060229
060157
100320
100014
100063
100754
101053
101284
020103
020009
020117
020328
020167
020059
010213
010321
010521
010476
010233
010032
090864
091220
090454
090363
091135
090669
110364
110464
110265
250074
110310
110207
040078
040125
040218
040272
040174
040350
020444
020203
020188
020362
020430
020182
060219
060041
060131
060509
060286
060479
110309
110204
110421
250222
110059
110394
081022
080712
080810
080913
080372
080751
030321
030033
030057
030335
030300
030056
091237
090194
090994
090256
091075
091043
060395
060049
060291
060034
060075
060159
030001
030122
030341
030371
030446
030007
080405
081203
081295
080067
080120
080764
030445
030284
030201
030337
030085
030082
010037
010403
010284
010207
010244
010020
070042
070138
070197
070032
070064
070106
081501
080719
080879
080133
081428
081249
040150
040244
040411
040387
040101
040250
050121
050244
050331
050136
050151
050390
090560
090424
091001
090503
080677
090984
040091
040103
040450
040023
040429
040305
080824
081275
081168
080701
080404
080984
081308
081348
050185
091052
080809
050206
090495
091025
090773
250267
090629
091250
020386
020425
020174
020048
020377
020314
050287
050101
050349
030261
090522
030322
050316
050313
050255
050007
050144
090497
060481
060039
060375
060476
060210
060095
030146
030244
030225
030369
050263
050226
091142
090414
090819
090023
090130
090889
090418
100271
101298
101192
100019
101035
100315
170017
170139
170464
170065
170457
170189
150387
150118
150443
150121
150408
150547
140259
140121
140260
140454
140253
140193
130399
130318
130074
130097
130312
130185
010220
010251
010028
010323
010435
010052
160164
160118
160343
160317
160076
160346
020155
020453
020243
020469
020326
020145
180230
180121
180371
250233
180259
180110
050057
050182
050139
050350
050425
050087
070150
070136
070304
070345
070123
070387
080339
080543
080602
080561
080267
080385
110161
110169
250311
110043
110353
110057
091199
090838
090375
090010
090768
080558
040192
040134
040463
040012
040169
040226
250181
250001
250363
250055
250226
250110
040256
040458
040428
040151
040309
040064
120191
120249
120450
120009
120250
120216
020408
020205
020308
020437
020114
020023
100297
100116
100498
101241
100032
100372
060436
060056
060271
060154
060407
060228
250218
130116
130134
130135
130123
130223
250028
250241
250029
250379
250305
250325
080721
080191
080635
080270
080417
080157
010580
010501
010360
010152
010002
010561
080198
081224
081322
080925
081279
080395
040468
040304
040001
040105
040086
040410
020289
020146
020248
020402
020433
020181
010449
010082
010164
010092
010388
010463
250334
081121
080785
080253
080851
080786
090603
090690
250394
091206
091235
091108
130322
130148
130408
130419
130472
130355
091246
090727
091218
090184
090464
081426
080437
091061
081217
090176
090330
090658
090526
091064
090162
090407
090486
090134
100732
100457
100799
100870
100458
100862
130443
130227
130381
130151
130194
130275
090509
091116
090057
091059
091110
090448
090545
090541
090119
091215
090794
080878
070165
070060
070157
070281
070137
070074
050342
050167
050164
050237
050278
080184
100908
101155
101097
100261
100746
101302
140280
140396
140557
140063
140053
140245
060385
060349
060240
060317
060251
250248
030399
030151
030021
030418
030178
030249
140044
140163
140257
140172
140033
140124
081086
080715
080613
080542
080990
081416
010132
010408
010503
010566
010038
010385
040108
040384
040131
040455
040054
040254
080346
080744
081436
080594
080949
081102
030240
030140
030181
030404
030411
030171
110173
110368
110016
110462
110397
110374
110051
110119
110165
110180
110412
110078
180225
180217
180041
180367
180029
180220
080190
080610
080081
080342
080619
081276
030402
030029
030035
030241
250406
030459
030306
030216
030294
030301
030209
030129
250177
250153
250364
250287
250291
250417
050330
050248
050149
050322
050369
050371
150024
150221
150124
150376
150479
150401
170144
170276
170091
170182
170502
170496
070158
070426
070238
070102
070069
070249
160260
160305
160515
160571
160392
160469
081216
090887
090882
090433
090922
040240
080773
081383
081506
081496
080693
091185
250009
250092
250308
250411
250332
250201
101046
100788
100141
101148
100956
100370
060280
060195
060103
060158
060229
060157
100320
100014
100063
100754
101053
101284
020103
020009
020117
020328
020167
020059
010213
010321
010521
010476
010233
010032
090864
091220
090454
090363
091135
090669
110364
110464
110265
250074
110310
110207
040078
040125
040218
040272
040174
040350
020444
020203
020188
020362
020430
020182
060219
060041
060131
060509
060286
060479
110309
110204
110421
250222
110059
110394
081022
080712
080810
080913
080372
080751
030321
030033
030057
030335
030300
030056
091237
090194
090994
090256
091075
091043
060395
060049
060291
060034
060075
060159
030001
030122
030341
030371
030446
030007
080405
081203
081295
080067
080120
080764
030445
030284
030201
030337
030085
030082
010037
010403
010284
010207
010244
010020
070042
070138
070197
070032
070064
070106
081501
080719
080879
080133
081428
081249
040150
040244
040411
040387
040101
040250
050121
050244
050331
050136
050151
050390
090560
090424
091001
090503
080677
090984
040091
040103
040450
040023
040429
040305
080824
081275
081168
080701
080404
080984
081308
081348
050185
091052
080809
050206
090495
091025
090773
250267
090629
091250
020386
020425
020174
020048
020377
020314
050287
050101
050349
030261
090522
030322
050316
050313
050255
050007
050144
090497
060481
060039
060375
060476
060210
060095
030146
030244
030225
030369
050263
050226
091142
090414
090819
090023
090130
090889
090418
100271
101298
101192
100019
101035
100315
170017
170139
170464
170065
170457
170189
150387
150118
150443
150121
150408
150547
140259
140121
140260
140454
140253
140193
130399
130318
130074
130097
130312
130185
010220
010251
010028
010323
010435
010052
160164
160118
160343
160317
160076
160346
020155
020453
020243
020469
020326
020145
180230
180121
180371
250233
180259
180110
050057
050182
050139
050350
050425
050087
070150
070136
070304
070345
070123
070387
080339
080543
080602
080561
080267
080385
110161
110169
250311
110043
110353
110057
091199
090838
090375
090010
090768
080558
040192
040134
040463
040012
040169
040226
250181
250001
250363
250055
250226
250110
040256
040458
040428
040151
040309
040064
120191
120249
120450
120009
120250
120216
020408
020205
020308
020437
020114
020023
100297
100116
100498
101241
100032
100372
060436
060056
060271
060154
060407
060228
250218
130116
130134
130135
130123
130223
250028
250241
250029
250379
250305
250325
080721
080191
080635
080270
080417
080157
010580
010501
010360
010152
010002
010561
080198
081224
081322
080925
081279
080395
040468
040304
040001
040105
040086
040410
020289
020146
020248
020402
020433
020181
010449
010082
010164
010092
010388
010463
250334
081121
080785
080253
080851
080786
090603
090690
250394
091206
091235
091108
130322
130148
130408
130419
130472
130355
091246
090727
091218
090184
090464
081426
080437
091061
081217
090176
090330
090658
090526
091064
090162
090407
090486
090134
100732
100457
100799
100870
100458
100862
130443
130227
130381
130151
130194
130275
090509
091116
090057
091059
091110
090448
090545
090541
090119
091215
090794
080878
070165
070060
070157
070281
070137
070074
050342
050167
050164
050237
050278
080184
100908
101155
101097
100261
100746
101302
140280
140396
140557
140063
140053
140245
060385
060349
060240
060317
060251
250248
030399
030151
030021
030418
030178
030249
140044
140163
140257
140172
140033
140124
081086
080715
080613
080542
080990
081416
010132
010408
010503
010566
010038
010385
040108
040384
040131
040455
040054
040254
080346
080744
081436
080594
080949
081102
030240
030140
030181
030404
030411
030171
110173
110368
110016
110462
110397
110374
110051
110119
110165
110180
110412
110078
180225
180217
180041
180367
180029
180220
080190
080610
080081
080342
080619
081276
030402
030029
030035
030241
250406
030459
030306
030216
030294
030301
030209
030129
250177
250153
250364
250287
250291
250417
050330
050248
050149
050322
050369
050371
150024
150221
150124
150376
150479
150401
170144
170276
170091
170182
170502
170496
070158
070426
070238
070102
070069
070249
160260
160305
160515
160571
160392
160469
081216
090887
090882
090433
090922
040240
080773
081383
081506
081496
080693
091185
250009
250092
250308
250411
250332
250201
101046
100788
100141
101148
100956
100370
060280
060195
060103
060158
060229
060157
100320
100014
100063
100754
101053
101284
020103
020009
020117
020328
020167
020059
010213
010321
010521
010476
010233
010032
090864
091220
090454
090363
091135
090669
110364
110464
110265
250074
110310
110207
040078
040125
040218
040272
040174
040350
020444
020203
020188
020362
020430
020182
060219
060041
060131
060509
060286
060479
110309
110204
110421
250222
110059
110394
081022
080712
080810
080913
080372
080751
030321
030033
030057
030335
030300
030056
091237
090194
090994
090256
091075
091043
060395
060049
060291
060034
060075
060159
030001
030122
030341
030371
030446
030007
080405
081203
081295
080067
080120
080764
030445
030284
030201
030337
030085
030082
010037
010403
010284
010207
010244
010020
070042
070138
070197
070032
070064
070106
081501
080719
080879
080133
081428
081249
040150
040244
040411
040387
040101
040250
050121
050244
050331
050136
050151
050390
090560
090424
091001
090503
080677
090984
040091
040103
040450
040023
040429
040305
080824
081275
081168
080701
080404
080984
081308
081348
050185
091052
080809
050206
090495
091025
090773
250267
090629
091250
020386
020425
020174
020048
020377
020314
050287
050101
050349
030261
090522
030322
050316
050313
050255
050007
050144
090497
060481
060039
060375
060476
060210
060095
030146
030244
030225
030369
050263
050226
091142
090414
090819
090023
090130
